0.014281
0.014089
0.014186
0.014089
0.013973
0.013437
0.013139
0.012674
0.013237
0.013041
0.012907
0.012674
0.012496
0.0092824
0.0059503
0.0061883
0.0065665
0.0056174
0.0038199
0.0026283
0.003435
0.0037965
0.0050145
0.0010745
0.0023914
0.0029893
0.0059786
0.0041723
0.0051172
0.0077529
0.0086874
0.008873
0.0090451
0.0087579
0.0083231
0.0090626
0.0093452
0.0094548
0.0094912
0.010141
0.010517
0.010517
0.010642
0.010517
0.010267
0.010009
0.010695
0.011176
0.011629
0.011644
0.011598
0.010271
0.010396
0.0097701
0.010146
0.0098954
0.010146
0.0096449
0.0095196
0.0091439
0.014519
0.014302
0.014089
0.01372
0.012902
0.013027
0.012902
0.013274
0.011637
0.0076163
0.0022611
0.0026181
0.0014281
0.00073009
0.00047094
0.00047094
0.00040496
0.00029802
0.00033349
0.00041134
0.0004494
0.00047094
0.00044704
0.00044465
0.00059503
0.00094177
0.00201
0.0018898
0.0047757
0.0039399
0.0045943
0.0054742
0.006089
0.0061736
0.007885
0.0089092
0.0091791
0.0091791
0.0091639
0.0094548
0.0093236
0.010146
0.0097776
0.010271
0.010267
0.0099293
0.010016
0.010146
0.010035
0.009649
0.0097701
0.010271
0.0097701
0.0097701
0.0097708
0.0092999
0.0095196
0.0093944
0.0092691
0.0086874
0.014106
0.013304
0.011774
0.012526
0.012073
0.0089544
0.0050145
0.0015521
0.00071635
0.0003532
0.00038596
0.0003532
0.00028714
0.00029802
0.00035871
0.00035871
0.00038293
0.00035818
0.00044465
0.00040496
0.00037577
0.00035702
0.00035818
0.00038293
0.00054845
0.0014281
0.0016661
0.0020231
0.0021903
0.0022367
0.0040018
0.0052567
0.0054027
0.0045266
0.0039569
0.0074243
0.0079992
0.008552
0.0089092
0.0090057
0.010271
0.0097701
0.0097701
0.010146
0.010146
0.009263
0.0095203
0.009649
0.0093902
0.0087275
0.0086392
0.0091639
0.0087484
0.0085138
0.0084366
0.0083886
0.0082634
0.0085138
0.0081382
0.0078878
0.011148
0.011023
0.0093093
0.0078548
0.0016715
0.00047094
0.00047094
0.00043072
0.00035818
0.0003532
0.00033349
0.0003532
0.00035702
0.00035818
0.00043072
0.00043806
0.00038596
0.00035818
0.00044465
0.00038293
0.00035702
0.00035702
0.00033349
0.00037561
0.00051461
0.00068556
0.0011235
0.0014602
0.0021903
0.0028793
0.0037675
0.004003
0.0036497
0.003532
0.0045943
0.0052532
0.0083582
0.0082342
0.0083692
0.0082342
0.0086392
0.0094607
0.0097349
0.010021
0.009872
0.0088771
0.0095155
0.009263
0.0083692
0.0084366
0.0084911
0.0078293
0.0076943
0.007739
0.0079765
0.0075996
0.0076093
0.0076093
0.0080467
0.0080113
0.0087113
0.0037819
0.0010745
0.00047094
0.00035316
0.00035702
0.00029204
0.00040496
0.00044704
0.00040496
0.00035702
0.00035871
0.00038293
0.00035818
0.00038293
0.00043638
0.00041134
0.00040496
0.00037561
0.00043072
0.00035316
0.00044465
0.00044465
0.00040496
0.00043806
0.00058183
0.00070632
0.0020443
0.0045222
0.005492
0.0058865
0.0052362
0.0052362
0.0051172
0.0058115
0.0067055
0.0064794
0.0080002
0.0076943
0.0078293
0.0078293
0.0080992
0.0082342
0.0085821
0.0085821
0.0088771
0.0087275
0.0087123
0.0079642
0.0079642
0.0074243
0.007885
0.0077192
0.0075996
0.0085138
0.0084366
0.0087642
0.0077093
0.0080113
0.0080467
0.0010182
0.00043072
0.00038293
0.00038293
0.00038596
0.00038293
0.00047602
0.00038596
0.00037577
0.00034883
0.0003532
0.00035871
0.00032551
0.00037561
0.00035702
0.00040496
0.00044465
0.00047094
0.00044465
0.00047088
0.00093151
0.0011957
0.0018982
0.0027076
0.0036505
0.0042345
0.0052246
0.0065114
0.0065764
0.0065764
0.0066188
0.0062392
0.0054649
0.0057507
0.0071903
0.0073367
0.0072729
0.0071275
0.0084708
0.0080992
0.0083447
0.0081836
0.0080992
0.0084911
0.0083591
0.0080992
0.0082342
0.0075638
0.0078293
0.0074243
0.0071543
0.0070193
0.0070759
0.0075996
0.0075996
0.0085138
0.0082634
0.0086091
0.0084691
0.007885
0.00035818
0.00040496
0.00038293
0.00040496
0.00037561
0.00041134
0.00033705
0.00038596
0.00038293
0.00043072
0.00040496
0.00046575
0.00046575
0.00044465
0.00047088
0.00058867
0.00058407
0.00087611
0.0025901
0.0044241
0.0052154
0.0058115
0.0071786
0.0083447
0.0097584
0.0099065
0.010527
0.010697
0.010729
0.010729
0.01058
0.010522
0.010403
0.0099997
0.009548
0.0088369
0.008177
0.0081382
0.0085962
0.0091439
0.0086044
0.0090186
0.0087642
0.008267
0.0081457
0.0082342
0.0078548
0.0081236
0.0063821
0.0066374
0.0063444
0.0060744
0.0065708
0.0064327
0.0061754
0.0061268
0.0080002
0.0090874
0.007885
0.007593
0.00044704
0.00035871
0.00047602
0.00040496
0.00040496
0.00038596
0.00041134
0.00044322
0.00043806
0.00044322
0.00055581
0.00053995
0.0010211
0.0016062
0.0021903
0.0026283
0.002959
0.0058115
0.006765
0.0073016
0.0082504
0.0090874
0.010353
0.011162
0.011644
0.011917
0.011917
0.012258
0.011901
0.011998
0.011615
0.011957
0.011718
0.011772
0.01186
0.011581
0.01085
0.010525
0.010581
0.0098739
0.0091992
0.0087681
0.0087889
0.0089879
0.0087917
0.0083886
0.0081457
0.0081052
0.0070213
0.0065613
0.00669
0.0059992
0.0056695
0.0055345
0.005918
0.0062545
0.0076374
0.0078548
0.0070203
0.0071275
0.00035702
0.00035702
0.00043072
0.00040496
0.00040496
0.00046575
0.0004494
0.00044704
0.00056174
0.00056174
0.0011681
0.0023363
0.0037965
0.0054027
0.0055487
0.0056366
0.0056729
0.0076585
0.0082634
0.0091987
0.010282
0.011413
0.011718
0.012491
0.013448
0.013672
0.013272
0.013021
0.013021
0.013142
0.013238
0.013455
0.013507
0.013953
0.013772
0.013146
0.012751
0.01202
0.011424
0.011199
0.011097
0.01083
0.010595
0.010247
0.0094315
0.0090494
0.0086427
0.0082267
0.0077093
0.0064327
0.0062084
0.006304
0.0056695
0.0052645
0.0052333
0.0059868
0.0062788
0.0064794
0.0065097
0.0068366
0.00033349
0.00038293
0.00043072
0.00044465
0.00043806
0.00051461
0.00058407
0.00078644
0.0014152
0.0021871
0.0030664
0.0049646
0.0061328
0.006761
0.0066286
0.0074184
0.005918
0.0080113
0.0096372
0.011143
0.01202
0.012222
0.012368
0.013434
0.014671
0.01576
0.014805
0.014281
0.014229
0.014827
0.015021
0.015497
0.015625
0.01577
0.014899
0.014767
0.014281
0.013538
0.013139
0.011929
0.012008
0.012139
0.011654
0.011223
0.011479
0.011411
0.010337
0.0093322
0.0086509
0.0082634
0.0069927
0.00617
0.0061754
0.005918
0.0044546
0.005918
0.0059394
0.0058045
0.006982
0.006982
0.00043402
0.00040496
0.00044704
0.00055581
0.00058867
0.00087642
0.0013482
0.0026997
0.0043214
0.005918
0.006304
0.0081382
0.0084881
0.0085138
0.0088064
0.0074184
0.0080467
0.011662
0.012889
0.012704
0.01285
0.012704
0.012044
0.012695
0.014519
0.015299
0.015299
0.015119
0.015465
0.01662
0.017144
0.017338
0.017577
0.017674
0.017376
0.01686
0.016279
0.015348
0.014876
0.013711
0.013209
0.012832
0.012832
0.012536
0.012646
0.011957
0.011718
0.011479
0.010768
0.0093944
0.0082015
0.007533
0.0069927
0.005918
0.0057894
0.0040845
0.004978
0.006135
0.0065456
0.0064002
0.00033242
0.00047094
0.00047094
0.00058867
0.001252
0.0018837
0.0037253
0.0048815
0.0067055
0.0073332
0.0090897
0.0091398
0.010016
0.010799
0.0069351
0.0064794
0.012853
0.0144
0.014655
0.014154
0.013123
0.0117
0.010473
0.0095484
0.011718
0.013895
0.014904
0.016046
0.016627
0.017932
0.019281
0.020088
0.020408
0.020283
0.019782
0.019156
0.018028
0.017233
0.016059
0.015603
0.014109
0.014009
0.013329
0.012804
0.012417
0.012949
0.01252
0.012139
0.011772
0.010912
0.010164
0.0090451
0.0080896
0.0074184
0.0065586
0.0048504
0.0043196
0.0048266
0.0059992
0.0063444
0.00040496
0.00051461
0.00062602
0.0014605
0.002247
0.0043214
0.0064075
0.0075155
0.0084911
0.0096644
0.010016
0.010814
0.012395
0.0089123
0.0077521
0.012509
0.01621
0.017229
0.016224
0.015068
0.012153
0.0094399
0.0059786
0.0056607
0.0082555
0.011395
0.014446
0.01621
0.018628
0.020248
0.021309
0.022799
0.023316
0.023163
0.022286
0.021173
0.020033
0.018837
0.017686
0.017252
0.015937
0.014946
0.014126
0.013766
0.013772
0.013772
0.01374
0.012417
0.012139
0.011939
0.011479
0.0098048
0.0091865
0.0084896
0.007265
0.0068366
0.0067185
0.0052102
0.0053358
0.0063821
0.00043072
0.00055581
0.0012358
0.0027279
0.0046346
0.0063882
0.0074184
0.008873
0.010561
0.010977
0.011193
0.012149
0.01085
0.0081227
0.0062177
0.016942
0.018628
0.018952
0.017577
0.014109
0.0098739
0.0051681
0.0036023
0.0046633
0.0070193
0.0098973
0.013014
0.017104
0.019607
0.021614
0.022976
0.023801
0.024531
0.025192
0.024415
0.023655
0.022367
0.021302
0.019531
0.018914
0.017658
0.016834
0.015539
0.014932
0.014603
0.014566
0.013783
0.013113
0.012902
0.012316
0.011838
0.011342
0.010713
0.0095978
0.0089123
0.0078917
0.0073356
0.0062915
0.0062629
0.0061268
0.00055581
0.00090057
0.0025731
0.0046547
0.0063172
0.0076585
0.0086427
0.010336
0.011527
0.012145
0.013065
0.013898
0.0093917
0.009325
0.010282
0.018636
0.020248
0.019662
0.017372
0.013927
0.0064039
0.0066911
0.0096401
0.013656
0.012892
0.011929
0.013507
0.017423
0.020167
0.021536
0.023402
0.024028
0.024058
0.024273
0.024753
0.02531
0.023977
0.022906
0.021375
0.020177
0.018922
0.017577
0.016865
0.016798
0.015304
0.014951
0.014519
0.013766
0.013402
0.013251
0.012417
0.01212
0.011772
0.010642
0.0099065
0.0089678
0.0083638
0.0068156
0.00687
0.0064075
0.00067409
0.001891
0.0052333
0.0075685
0.0084937
0.0084911
0.010194
0.012339
0.013455
0.013766
0.014649
0.013021
0.0060943
0.010772
0.014156
0.021228
0.020088
0.020244
0.017976
0.011773
0.011656
0.0074032
0.015402
0.013563
0.0098774
0.011957
0.014685
0.018011
0.019968
0.021823
0.022972
0.023689
0.024838
0.024665
0.024871
0.025705
0.024838
0.023309
0.02221
0.021371
0.020041
0.019279
0.018953
0.017218
0.01707
0.016128
0.0157
0.015282
0.014551
0.014154
0.013726
0.012832
0.012196
0.011772
0.010522
0.0097832
0.0083231
0.0080401
0.0071743
0.0062585
0.0015031
0.0049456
0.0075579
0.0089532
0.010232
0.010282
0.012351
0.013672
0.013904
0.015525
0.014323
0.013237
0.011783
0.011773
0.016982
0.022001
0.020818
0.020117
0.016403
0.012219
0.010367
0.0053487
0.0070032
0.0062788
0.0084768
0.0096508
0.016357
0.018808
0.019819
0.022352
0.022487
0.023259
0.025401
0.026053
0.025731
0.02523
0.02511
0.023842
0.023255
0.022485
0.021729
0.020542
0.01954
0.018784
0.017613
0.017305
0.016339
0.015776
0.015532
0.014833
0.014168
0.014109
0.013392
0.012435
0.011399
0.010865
0.010194
0.0090531
0.0083272
0.0075579
0.0042183
0.0074416
0.0094183
0.011162
0.012222
0.013209
0.014294
0.014974
0.014924
0.01724
0.015783
0.013033
0.012228
0.013904
0.016093
0.020788
0.020713
0.020278
0.017189
0.01241
0.0078965
0.0026593
0.0012149
0.0016301
0.0040885
0.0099063
0.015998
0.018604
0.020058
0.022397
0.022296
0.023163
0.025656
0.025911
0.026328
0.025784
0.025216
0.024385
0.023423
0.022956
0.022486
0.022212
0.021419
0.02035
0.019169
0.017551
0.016418
0.015603
0.014984
0.014638
0.014519
0.014468
0.01399
0.012555
0.012377
0.0117
0.01071
0.010148
0.0094315
0.0083836
0.0068629
0.0096372
0.011501
0.013023
0.014106
0.01534
0.016339
0.017192
0.017368
0.018208
0.016728
0.012435
0.012005
0.016185
0.015497
0.018836
0.019881
0.018619
0.017073
0.01372
0.0062399
0.0014281
0.0010595
0.00068556
0.0020959
0.0097191
0.015282
0.018328
0.020443
0.022341
0.022684
0.023316
0.025779
0.026422
0.026605
0.026019
0.024959
0.024237
0.023353
0.022906
0.022546
0.022367
0.022296
0.020933
0.019131
0.017668
0.016395
0.015402
0.014546
0.014418
0.014174
0.014679
0.014666
0.013091
0.012896
0.011993
0.011295
0.010581
0.010115
0.0095204
0.0091857
0.010748
0.012695
0.014603
0.015733
0.01723
0.019041
0.019461
0.018835
0.019398
0.018836
0.014109
0.011967
0.016178
0.016838
0.01787
0.018294
0.017909
0.017795
0.014904
0.0087206
0.0032163
0.0017528
0.0044675
0.0054742
0.012824
0.015646
0.01812
0.020443
0.022254
0.023037
0.024093
0.025567
0.026077
0.026245
0.025656
0.024703
0.023246
0.022849
0.02224
0.022906
0.022719
0.02236
0.020933
0.018763
0.017233
0.016338
0.01507
0.014029
0.013686
0.013673
0.014309
0.014651
0.013785
0.013019
0.012126
0.011527
0.010712
0.010403
0.010232
0.0096569
0.012996
0.015563
0.016725
0.017675
0.019657
0.020199
0.02116
0.020566
0.020469
0.019895
0.017338
0.014183
0.016965
0.016208
0.018398
0.018892
0.016646
0.018283
0.017276
0.013673
0.0075996
0.0091865
0.013372
0.016728
0.015649
0.016208
0.018982
0.021897
0.022899
0.024233
0.025164
0.025153
0.025183
0.025108
0.024124
0.02272
0.021756
0.01961
0.020132
0.020726
0.02192
0.021701
0.020564
0.01863
0.017218
0.016301
0.015305
0.013904
0.012692
0.012219
0.013329
0.013623
0.013382
0.012554
0.012459
0.012125
0.010594
0.010221
0.0097671
0.011672
0.014924
0.017153
0.017528
0.019372
0.020456
0.021392
0.022337
0.022373
0.021642
0.020483
0.01958
0.013228
0.015357
0.017522
0.018131
0.018982
0.017732
0.018139
0.017787
0.016834
0.011909
0.010133
0.013402
0.014924
0.015116
0.017375
0.021307
0.023566
0.024289
0.024829
0.024252
0.024604
0.02414
0.022121
0.020387
0.018508
0.017104
0.015828
0.016979
0.01878
0.020585
0.020616
0.020144
0.018747
0.017341
0.016118
0.015282
0.013634
0.01145
0.010075
0.011939
0.012077
0.012804
0.012714
0.01215
0.011644
0.012125
0.010712
0.010234
0.012704
0.016354
0.017153
0.018655
0.020151
0.021527
0.022212
0.022923
0.022837
0.022761
0.021673
0.020959
0.017256
0.018201
0.018982
0.018922
0.019526
0.018252
0.018397
0.019639
0.018663
0.017285
0.012226
0.010148
0.010472
0.017375
0.021183
0.022341
0.023158
0.023269
0.023823
0.023128
0.021535
0.021105
0.01888
0.016301
0.014322
0.01378
0.014599
0.016437
0.0176
0.019532
0.020219
0.019678
0.018028
0.017073
0.014904
0.013411
0.01202
0.0099824
0.0079768
0.0075341
0.0084759
0.010006
0.011183
0.012275
0.012554
0.010959
0.011662
0.011233
0.014255
0.0165
0.017654
0.018912
0.020399
0.022016
0.022212
0.022828
0.023043
0.023172
0.022898
0.02186
0.020945
0.02025
0.019968
0.018249
0.019526
0.018179
0.017778
0.019191
0.019073
0.019637
0.019911
0.019274
0.018604
0.021868
0.022604
0.021823
0.021403
0.022133
0.021382
0.018789
0.018764
0.016818
0.014418
0.012896
0.012077
0.012477
0.013274
0.014827
0.015631
0.017932
0.019422
0.018397
0.017494
0.016211
0.01505
0.012972
0.0085595
0.0050081
0.0027557
0.00402
0.0057055
0.0053167
0.0068156
0.010713
0.012478
0.012299
0.011879
0.01237
0.014691
0.01716
0.018154
0.019185
0.020843
0.021918
0.022602
0.022956
0.023546
0.024269
0.023655
0.022232
0.022706
0.022828
0.022541
0.020248
0.020292
0.018925
0.017466
0.017932
0.018366
0.01888
0.019965
0.02105
0.022373
0.022684
0.021819
0.019564
0.020009
0.018762
0.0176
0.01651
0.015572
0.013113
0.012073
0.011598
0.012894
0.012865
0.012634
0.012996
0.014534
0.016582
0.018397
0.018125
0.017325
0.016468
0.014666
0.0097776
0.005918
0.003345
0.0018446
0.0015471
0.0041859
0.004978
0.0049443
0.0077192
0.0099063
0.01145
0.010945
0.0128
0.014834
0.016873
0.018664
0.01965
0.021375
0.02224
0.023426
0.023998
0.024356
0.024823
0.024763
0.023857
0.024045
0.024175
0.023663
0.022948
0.022036
0.021164
0.019669
0.018328
0.017795
0.017286
0.017469
0.018364
0.019223
0.020244
0.017577
0.016897
0.016534
0.01577
0.01507
0.013895
0.012634
0.012254
0.012381
0.012853
0.012833
0.01237
0.011321
0.010768
0.0095657
0.015128
0.017143
0.017883
0.017375
0.016338
0.011064
0.0072046
0.0040593
0.0021523
0.0016062
0.0013091
0.003372
0.0042317
0.0060124
0.0058502
0.0069473
0.010009
0.011797
0.012377
0.014999
0.016873
0.019095
0.020027
0.021827
0.022589
0.02372
0.024393
0.024573
0.024444
0.024973
0.025349
0.025192
0.025192
0.024991
0.024185
0.023083
0.022838
0.021801
0.020713
0.019907
0.019666
0.019532
0.018565
0.018914
0.017455
0.016067
0.014785
0.014579
0.013751
0.013262
0.013352
0.012734
0.013392
0.014088
0.014186
0.014041
0.014322
0.012153
0.010513
0.010712
0.014827
0.017256
0.018061
0.016982
0.014924
0.0093077
0.005382
0.0032284
0.0024452
0.0012149
0.0019041
0.0026679
0.0046633
0.0061215
0.0071543
0.0076411
0.0094607
0.014023
0.013567
0.015189
0.017582
0.019897
0.020616
0.022209
0.023139
0.023172
0.024117
0.02414
0.024315
0.024838
0.025789
0.026487
0.026134
0.02555
0.024953
0.024187
0.023763
0.023171
0.02279
0.022325
0.022605
0.021785
0.021164
0.018898
0.017008
0.015956
0.014309
0.014018
0.014109
0.015189
0.014904
0.015021
0.015903
0.017397
0.01872
0.018835
0.019777
0.015497
0.013329
0.012009
0.015273
0.019427
0.019422
0.018627
0.014327
0.0097901
0.0052532
0.0034676
0.0032567
0.0034273
0.0034511
0.0056341
0.005918
0.0067534
0.0082338
0.0077564
0.0090494
0.014651
0.0144
0.015734
0.018358
0.019897
0.020933
0.022209
0.022938
0.023604
0.024632
0.02496
0.024724
0.025313
0.025859
0.026147
0.0263
0.026062
0.025229
0.024931
0.024187
0.024273
0.024034
0.024751
0.024694
0.024486
0.023076
0.021074
0.019968
0.018106
0.017883
0.017851
0.018358
0.019534
0.020027
0.020295
0.020862
0.021882
0.021683
0.022677
0.022455
0.019965
0.016987
0.016012
0.016179
0.019883
0.020616
0.01929
0.016715
0.010029
0.0064263
0.0040593
0.0048001
0.0034457
0.0034457
0.0048836
0.0065665
0.0073356
0.0081418
0.0071275
0.011302
0.014186
0.015563
0.016178
0.018771
0.020388
0.021375
0.02272
0.023256
0.023662
0.024368
0.024839
0.025195
0.025784
0.026186
0.026419
0.026369
0.026062
0.025586
0.024969
0.024918
0.024685
0.025267
0.025947
0.026016
0.026065
0.024941
0.024489
0.023032
0.021275
0.020721
0.020542
0.021164
0.022049
0.022662
0.023273
0.022925
0.022848
0.023037
0.023163
0.022677
0.020724
0.017903
0.017372
0.016728
0.019329
0.020493
0.01965
0.016873
0.010745
0.0073783
0.0052082
0.0055114
0.0044739
0.0048266
0.0052246
0.0065206
0.0077093
0.008267
0.0073027
0.010859
0.013953
0.016674
0.017035
0.018988
0.020585
0.021742
0.023055
0.023429
0.023947
0.024252
0.02496
0.025473
0.026137
0.026067
0.026926
0.026815
0.026593
0.026278
0.025779
0.025075
0.025065
0.025332
0.026167
0.026162
0.026181
0.02531
0.024069
0.023076
0.021544
0.021009
0.021164
0.021897
0.022326
0.022937
0.023194
0.022692
0.022838
0.023413
0.023871
0.022982
0.021278
0.01888
0.018386
0.017932
0.021046
0.021444
0.01965
0.015998
0.011718
0.0089254
0.0062788
0.0047673
0.0043562
0.0041207
0.0027702
0.0061754
0.0075638
0.008023
0.0092264
0.011856
0.013604
0.016897
0.017325
0.019422
0.020721
0.021871
0.022786
0.023544
0.023801
0.024135
0.02496
0.025407
0.026067
0.026425
0.026723
0.026473
0.026487
0.026046
0.025845
0.025173
0.024956
0.024606
0.025145
0.025596
0.025313
0.024267
0.02322
0.021809
0.021122
0.020818
0.020387
0.020542
0.020957
0.021403
0.021868
0.022408
0.022582
0.022828
0.023043
0.021523
0.019303
0.02043
0.016418
0.021046
0.021535
0.02246
0.020581
0.016279
0.012441
0.010647
0.0055487
0.0052974
0.0042384
0.0041636
0.0019531
0.0064472
0.0081457
0.0086428
0.0099824
0.013851
0.01372
0.017494
0.017564
0.018837
0.021234
0.022007
0.023055
0.023604
0.024132
0.024701
0.025648
0.025648
0.025345
0.025824
0.026266
0.025824
0.025607
0.025428
0.025705
0.024959
0.024124
0.023953
0.024838
0.024982
0.024763
0.024489
0.023583
0.022837
0.021346
0.020818
0.02051
0.020335
0.020088
0.020565
0.02011
0.020898
0.020978
0.020704
0.019907
0.018484
0.019071
0.016066
0.016534
0.021658
0.022356
0.022352
0.021511
0.016728
0.012558
0.0089071
0.0056947
0.0050069
0.0037675
0.0037671
0.0021523
0.0068602
0.0070193
0.0095196
0.012005
0.011681
0.015504
0.017699
0.017
0.018906
0.020721
0.022352
0.023055
0.023604
0.023857
0.025473
0.025789
0.025548
0.02511
0.024991
0.02511
0.024999
0.024631
0.024425
0.024124
0.023977
0.023359
0.023363
0.022925
0.022938
0.02279
0.023402
0.02438
0.024277
0.024039
0.022036
0.021045
0.021309
0.022016
0.021075
0.020056
0.020535
0.020566
0.020013
0.018835
0.01784
0.018397
0.014524
0.015903
0.019928
0.021968
0.02202
0.021592
0.019346
0.012226
0.0083371
0.0052082
0.0030664
0.0026041
0.0017361
0.0023288
0.0065134
0.0071613
0.009872
0.010909
0.012853
0.01593
0.018011
0.016674
0.019099
0.02116
0.023309
0.023371
0.024132
0.024829
0.025412
0.025908
0.025792
0.024872
0.024543
0.024522
0.024631
0.02265
0.023614
0.023997
0.023833
0.023509
0.022441
0.02246
0.022674
0.02284
0.023404
0.024069
0.024634
0.024396
0.024415
0.023206
0.023547
0.023395
0.023833
0.021627
0.020348
0.02101
0.019819
0.018488
0.018099
0.018484
0.017699
0.018055
0.021421
0.022441
0.022441
0.021908
0.021162
0.017189
0.010642
0.0053837
0.0036505
0.0025648
0.0014605
0.0027017
0.0066374
0.0074973
0.0097457
0.012972
0.014451
0.015657
0.017564
0.016437
0.018747
0.021607
0.023446
0.0239
0.024567
0.025291
0.025818
0.026042
0.026039
0.025269
0.023602
0.023677
0.023076
0.022501
0.023359
0.023869
0.023675
0.023363
0.021809
0.021158
0.021193
0.021034
0.019188
0.021371
0.022604
0.024368
0.025072
0.025054
0.025601
0.025481
0.024915
0.02483
0.023255
0.022341
0.020348
0.01942
0.018718
0.019534
0.020585
0.02116
0.022007
0.023171
0.023546
0.023077
0.022121
0.020672
0.016646
0.0084691
0.0040885
0.0039274
0.0056506
0.0052246
0.0082114
0.01055
0.013673
0.015674
0.016836
0.017542
0.018684
0.016511
0.018371
0.021796
0.023144
0.02438
0.024789
0.025669
0.026062
0.026372
0.025987
0.025586
0.023713
0.021823
0.021252
0.021729
0.023158
0.023029
0.023077
0.021536
0.021027
0.020881
0.017962
0.013014
0.010742
0.012912
0.01812
0.022016
0.024158
0.025827
0.026372
0.026919
0.026668
0.026721
0.024999
0.023871
0.021903
0.020327
0.019398
0.019957
0.021527
0.023401
0.024045
0.024039
0.024058
0.023359
0.022958
0.021571
0.019849
0.016659
0.0094315
0.0037819
0.0090897
0.0081052
0.010814
0.014546
0.016178
0.016718
0.017936
0.018653
0.018554
0.014481
0.018229
0.020589
0.02211
0.02393
0.024635
0.025908
0.026134
0.026372
0.02629
0.026345
0.021064
0.017002
0.01888
0.02161
0.023087
0.023206
0.021403
0.020818
0.021309
0.018953
0.012243
0.013709
0.01358
0.013499
0.015955
0.018488
0.022541
0.024833
0.026255
0.02684
0.027044
0.027664
0.026997
0.025733
0.025115
0.023071
0.021425
0.022838
0.022972
0.02499
0.02496
0.024817
0.024452
0.023801
0.022694
0.02161
0.019938
0.018129
0.014009
0.0098774
0.013186
0.014281
0.016834
0.017639
0.018446
0.018446
0.018653
0.018948
0.018288
0.014069
0.017325
0.020486
0.021827
0.023311
0.024269
0.025264
0.025899
0.025781
0.02629
0.024953
0.017851
0.013895
0.017111
0.023032
0.023281
0.022326
0.021536
0.020567
0.019239
0.012228
0.0069443
0.011321
0.012854
0.013257
0.016211
0.017144
0.020735
0.023693
0.025666
0.026402
0.027197
0.027432
0.027545
0.026862
0.026199
0.025455
0.024069
0.023754
0.024407
0.024253
0.025183
0.025091
0.024789
0.023986
0.022923
0.021545
0.02007
0.018394
0.01674
0.015291
0.015664
0.017434
0.018653
0.019041
0.018684
0.01891
0.01872
0.01888
0.017851
0.013068
0.015465
0.019748
0.021228
0.022257
0.022948
0.024175
0.02496
0.025269
0.026177
0.024039
0.014752
0.012672
0.015729
0.023281
0.02392
0.022254
0.021823
0.020368
0.014934
0.0058421
0.0022367
0.0013153
0.0018898
0.0078644
0.015937
0.017795
0.021075
0.022779
0.025153
0.025928
0.026627
0.027188
0.02775
0.027568
0.026726
0.026432
0.026037
0.024991
0.025467
0.025313
0.025125
0.02531
0.024604
0.023759
0.022968
0.021781
0.020678
0.020469
0.019131
0.018837
0.01872
0.018615
0.018684
0.018922
0.018948
0.019165
0.018771
0.018446
0.018337
0.01142
0.013775
0.017674
0.020182
0.021395
0.022487
0.023488
0.02405
0.024567
0.024438
0.021267
0.013512
0.010035
0.013778
0.022923
0.024368
0.023823
0.023035
0.020719
0.010664
0.0033705
0.001863
0.0011773
0.00063821
0.0041859
0.015603
0.017909
0.022325
0.023363
0.025164
0.025991
0.026555
0.027076
0.027863
0.0279
0.027346
0.026926
0.026631
0.026255
0.025901
0.025282
0.025269
0.025412
0.024595
0.023934
0.023162
0.022369
0.021386
0.021164
0.020589
0.019945
0.019859
0.019748
0.019999
0.019517
0.019324
0.01878
0.018414
0.018446
0.018473
0.0093179
0.012244
0.014984
0.01853
0.020843
0.021743
0.022386
0.022948
0.02378
0.02371
0.020616
0.010394
0.0097008
0.015617
0.023077
0.02471
0.025011
0.023172
0.021896
0.010807
0.0066286
0.0020959
0.0024956
0.0017909
0.0084262
0.017551
0.020177
0.022589
0.023897
0.025345
0.02629
0.027056
0.027432
0.02775
0.0279
0.02767
0.027143
0.02676
0.026503
0.02615
0.025708
0.025602
0.02523
0.024842
0.024385
0.023359
0.022813
0.022082
0.021642
0.021294
0.02055
0.019785
0.020248
0.020219
0.019755
0.018776
0.018294
0.018327
0.018175
0.018023
0.0070203
0.0098541
0.012361
0.016721
0.018837
0.020443
0.021541
0.022049
0.023231
0.023426
0.020813
0.010745
0.009649
0.015504
0.023043
0.025041
0.025273
0.024028
0.022919
0.011871
0.0093093
0.014018
0.0091822
0.0075953
0.014148
0.02043
0.021421
0.023444
0.024239
0.025401
0.026294
0.026805
0.027311
0.02775
0.028021
0.027863
0.027441
0.026822
0.026261
0.025908
0.025467
0.025473
0.024873
0.024489
0.02392
0.023269
0.022611
0.022273
0.021827
0.021061
0.020248
0.020364
0.019968
0.0197
0.019095
0.018745
0.018148
0.018037
0.017659
0.017699
0.003574
0.0082967
0.010934
0.014154
0.017232
0.018953
0.020726
0.021389
0.02194
0.023246
0.022514
0.014849
0.0083625
0.01215
0.024018
0.025567
0.025345
0.024568
0.023369
0.01483
0.008552
0.015646
0.02101
0.017551
0.015901
0.019039
0.022356
0.024488
0.0249
0.026167
0.026862
0.027079
0.027667
0.027789
0.028018
0.028374
0.027945
0.027143
0.02615
0.025548
0.025311
0.024595
0.024356
0.023801
0.023344
0.022958
0.022373
0.021598
0.02161
0.020945
0.020112
0.020041
0.019684
0.019095
0.018803
0.018414
0.018023
0.017697
0.017143
0.017218
0.0010969
0.0043398
0.007593
0.011325
0.015031
0.017947
0.019907
0.020399
0.021463
0.02265
0.021796
0.01723
0.010387
0.0117
0.021796
0.026012
0.025827
0.024953
0.023369
0.018718
0.0094758
0.0071903
0.014444
0.014072
0.018538
0.019251
0.021897
0.02454
0.025234
0.026429
0.026726
0.027274
0.027413
0.02746
0.027938
0.028171
0.027432
0.02649
0.025901
0.025229
0.02483
0.024187
0.023947
0.023682
0.023233
0.022828
0.022286
0.02167
0.021232
0.020818
0.020343
0.019461
0.019169
0.019041
0.018534
0.018327
0.017779
0.016976
0.016834
0.016062
0.00037561
0.0010211
0.0032397
0.0058115
0.0099891
0.013147
0.018023
0.020027
0.02061
0.021275
0.021346
0.019534
0.01483
0.011055
0.015544
0.02471
0.025513
0.025291
0.023583
0.020806
0.014424
0.0070036
0.0067833
0.012561
0.016118
0.018473
0.021968
0.024153
0.025261
0.02684
0.026776
0.027621
0.027699
0.027638
0.027314
0.027441
0.026794
0.025929
0.025349
0.024753
0.023878
0.023682
0.023286
0.023144
0.022899
0.022121
0.022054
0.021762
0.021232
0.020787
0.020088
0.01967
0.019131
0.018269
0.017615
0.017746
0.017018
0.01662
0.015075
0.014089
0.00035818
0.00040496
0.00083574
0.0022232
0.0056693
0.0097629
0.012299
0.017209
0.019281
0.020013
0.020818
0.020415
0.018223
0.011462
0.010403
0.022245
0.024573
0.024273
0.022761
0.021954
0.019168
0.013964
0.010148
0.010479
0.015836
0.018953
0.021849
0.023395
0.024604
0.025899
0.026487
0.027274
0.027413
0.026851
0.026743
0.026419
0.025929
0.025391
0.025054
0.023795
0.023544
0.022799
0.022397
0.022245
0.022257
0.021683
0.021159
0.020897
0.020416
0.019998
0.019521
0.018789
0.017675
0.016158
0.016777
0.016066
0.015186
0.014534
0.013277
0.013778
0.00029204
0.00033349
0.00058407
0.00075155
0.0024444
0.0046315
0.0082338
0.012351
0.016728
0.018164
0.01898
0.019532
0.018776
0.016247
0.010912
0.014714
0.022487
0.022956
0.023077
0.022087
0.021463
0.019012
0.015631
0.016621
0.019059
0.021237
0.022485
0.023172
0.024599
0.025669
0.025818
0.026483
0.026815
0.026325
0.025384
0.025588
0.025503
0.024604
0.024456
0.02352
0.0229
0.022357
0.02211
0.021882
0.021785
0.021673
0.021294
0.020208
0.02012
0.019874
0.018789
0.017153
0.016276
0.015768
0.015304
0.015119
0.01426
0.013237
0.013185
0.0133
0.00028714
0.00038596
0.00055581
0.00051461
0.00082267
0.00071743
0.0015438
0.0046726
0.010367
0.014644
0.016952
0.017497
0.018179
0.018663
0.015188
0.012596
0.018364
0.021072
0.02166
0.021614
0.021729
0.021064
0.020774
0.021346
0.021659
0.02224
0.023309
0.023043
0.023801
0.024507
0.025115
0.025467
0.025929
0.025384
0.02511
0.024829
0.024289
0.022912
0.023043
0.022541
0.021871
0.021823
0.021491
0.021419
0.021607
0.020283
0.019636
0.019676
0.019222
0.017286
0.017403
0.016481
0.015419
0.014279
0.014924
0.014671
0.013392
0.013973
0.011424
0.01182
0.00035702
0.00035818
0.0004651
0.00041134
0.00043806
0.00047757
0.00047757
0.00051461
0.0013142
0.0053474
0.011598
0.015506
0.016954
0.016339
0.016976
0.015357
0.0144
0.016952
0.0197
0.020933
0.021132
0.021284
0.021823
0.022344
0.023163
0.022761
0.023369
0.023614
0.023436
0.023759
0.024301
0.024534
0.024522
0.024356
0.024237
0.023789
0.023032
0.022286
0.02201
0.021565
0.021607
0.021346
0.021285
0.021091
0.020672
0.019787
0.019074
0.018789
0.016716
0.016792
0.015768
0.013913
0.01353
0.012994
0.013123
0.014984
0.013686
0.014534
0.012196
0.012196
0.00043806
0.00035818
0.00043806
0.0004651
0.00044465
0.00043806
0.00040496
0.00040496
0.00040496
0.00033705
0.00059696
0.0047647
0.0087484
0.012994
0.015352
0.016128
0.016384
0.017558
0.018327
0.018982
0.020278
0.020248
0.020942
0.021701
0.02202
0.022245
0.022092
0.022092
0.022479
0.022804
0.023404
0.023637
0.023521
0.02352
0.023011
0.022804
0.022121
0.021491
0.02097
0.020842
0.020793
0.020897
0.020297
0.019819
0.019103
0.017851
0.01707
0.016042
0.015186
0.014599
0.013769
0.013631
0.014229
0.013251
0.012994
0.014579
0.014446
0.014808
0.014018
0.012972
0.00047602
0.00044704
0.00043072
0.00047094
0.00044465
0.00047094
0.00047757
0.00047094
0.00040496
0.00047602
0.00038596
0.0004494
0.00090057
0.0028253
0.0049443
0.0077353
0.010948
0.013538
0.016208
0.018398
0.018364
0.018953
0.019534
0.020447
0.020686
0.020672
0.021158
0.020941
0.021099
0.021541
0.021659
0.022087
0.022123
0.02224
0.021778
0.021284
0.020925
0.020686
0.019968
0.019564
0.018783
0.017912
0.017139
0.017002
0.016834
0.015903
0.015317
0.014309
0.013895
0.013509
0.013637
0.01338
0.014029
0.014174
0.01356
0.014999
0.014671
0.014945
0.014588
0.014255
0.00047088
0.00047602
0.00047094
0.00047094
0.00051461
0.00047829
0.00044322
0.00043806
0.0004494
0.00040496
0.00044322
0.00038596
0.00040496
0.00038293
0.00056174
0.00066697
0.0011901
0.0041652
0.0084768
0.010832
0.015795
0.017881
0.01872
0.019096
0.018837
0.018892
0.019562
0.019445
0.019517
0.019999
0.020469
0.02061
0.020862
0.020231
0.01916
0.018655
0.01724
0.01621
0.016501
0.016865
0.016834
0.01754
0.016357
0.015513
0.015352
0.014984
0.014519
0.014281
0.014281
0.013766
0.014834
0.014865
0.014865
0.014788
0.014305
0.014999
0.015082
0.015021
0.014534
0.014397
0.00058183
0.00047757
0.00053995
0.00043806
0.00047094
0.00043806
0.00044465
0.00044322
0.00043806
0.00038596
0.00038293
0.00043806
0.00043806
0.00044322
0.00038293
0.00041134
0.00038293
0.00044465
0.00051057
0.00083304
0.0019372
0.0053644
0.0080467
0.011176
0.01207
0.013411
0.014603
0.015497
0.015944
0.015795
0.016242
0.015657
0.013805
0.014649
0.014424
0.014707
0.015572
0.016128
0.016338
0.016198
0.015813
0.015438
0.01537
0.015389
0.015232
0.014795
0.014651
0.014995
0.014924
0.015062
0.015516
0.015952
0.015842
0.015423
0.015305
0.015021
0.014788
0.014952
0.014904
0.014671
0.000837
0.00086143
0.00058867
0.00047094
0.00044465
0.00047094
0.00047829
0.00038596
0.00043072
0.00043806
0.00040496
0.00043806
0.00038596
0.00038596
0.00041134
0.00038596
0.00043072
0.00038596
0.00041134
0.00040496
0.00053995
0.00062602
0.00068556
0.00088645
0.0027557
0.0040998
0.006316
0.0074521
0.0085
0.0097509
0.010829
0.011243
0.012656
0.012496
0.013872
0.014883
0.014752
0.01576
0.016083
0.016012
0.015696
0.015425
0.015733
0.01595
0.015625
0.015465
0.015299
0.015348
0.015408
0.015659
0.016142
0.016276
0.016128
0.015894
0.015516
0.015188
0.014679
0.01507
0.01507
0.015068
0.0016483
0.00094187
0.00086143
0.00082405
0.00051461
0.00050103
0.00041134
0.00038596
0.00043072
0.00044465
0.00041134
0.00040496
0.00038293
0.00037577
0.00038596
0.00037577
0.00044704
0.00047602
0.00041134
0.00037577
0.00047829
0.00047829
0.00058407
0.00059605
0.00095657
0.0013953
0.0023801
0.003702
0.0067639
0.0072829
0.010959
0.012737
0.011707
0.011707
0.01407
0.014974
0.015191
0.016063
0.016468
0.015233
0.015438
0.015659
0.015119
0.015952
0.015544
0.016542
0.016276
0.016059
0.016167
0.016365
0.0166
0.016483
0.016247
0.016365
0.016012
0.015709
0.014827
0.015776
0.015188
0.015188
0.0056174
0.0015305
0.0010596
0.00094491
0.0013499
0.00067494
0.00051461
0.00047094
0.00044704
0.00043806
0.00040496
0.00040496
0.00037577
0.00044704
0.00044704
0.00047094
0.00043806
0.00043806
0.00044704
0.00047829
0.00047757
0.00050103
0.00059605
0.00082414
0.0017658
0.0018837
0.0035818
0.0084759
0.0097822
0.012316
0.012583
0.012778
0.014023
0.014714
0.016059
0.016167
0.016284
0.015471
0.015052
0.015062
0.015043
0.015043
0.015181
0.016395
0.01674
0.017073
0.016595
0.016059
0.016476
0.017192
0.016595
0.016501
0.016423
0.01678
0.0166
0.016304
0.016066
0.01559
0.015659
0.015947
0.01292
0.0068286
0.0056512
0.0028902
0.00090057
0.00090057
0.00062629
0.00058407
0.00051461
0.00058407
0.00044465
0.00053995
0.00047094
0.00047829
0.00047094
0.00050103
0.00050103
0.00059605
0.00059605
0.00071635
0.00058867
0.00095513
0.00083304
0.0011081
0.0028561
0.0049024
0.0075638
0.012478
0.013509
0.01454
0.014106
0.015188
0.015114
0.015282
0.014795
0.014924
0.014984
0.014685
0.014849
0.014714
0.015348
0.016511
0.017099
0.016979
0.017312
0.017457
0.016357
0.016542
0.0165
0.017018
0.017099
0.016542
0.016237
0.016237
0.016304
0.016066
0.015947
0.015709
0.015524
0.015659
0.015795
0.015544
0.015068
0.010894
0.0073902
0.0043353
0.0017881
0.0011488
0.00063821
0.00089349
0.0010596
0.0017658
0.0012951
0.0017909
0.0010761
0.0007064
0.00059605
0.0011579
0.0020327
0.0026266
0.0025072
0.0032284
0.0034624
0.0037675
0.005298
0.0088933
0.013068
0.014041
0.014714
0.015082
0.015776
0.016493
0.014281
0.014168
0.014174
0.014296
0.013913
0.014168
0.014444
0.016927
0.017218
0.017349
0.017906
0.017851
0.017732
0.017209
0.016595
0.01671
0.016418
0.016423
0.016627
0.016627
0.016627
0.016744
0.016476
0.015952
0.015813
0.015783
0.015233
0.01613
0.015219
0.015729
0.016093
0.016354
0.014126
0.012478
0.011325
0.010282
0.0093878
0.0059605
0.0072995
0.004003
0.0045911
0.0034139
0.0042379
0.0043742
0.0035871
0.0051338
0.0058958
0.0037671
0.0066911
0.0067639
0.012377
0.0056729
0.0098896
0.013785
0.013904
0.013499
0.013658
0.013769
0.013913
0.014039
0.014281
0.014281
0.014168
0.014023
0.016689
0.017035
0.017699
0.017906
0.017209
0.01779
0.017816
0.017851
0.017699
0.017441
0.016767
0.017116
0.016884
0.016818
0.016976
0.016651
0.016418
0.016744
0.016534
0.016301
0.015952
0.015697
0.015603
0.015955
