0.010952
0.010643
0.01054
0.009787
0.0081307
0.0027354
0.0023522
0.0011342
0.0009544
0.0015957
0.0019847
0.001843
0.0014178
0.0014178
0.00060227
0.0013551
0.0020868
0.0018431
0.0034026
0.0060647
0.0010258
0.0028811
0.00090821
0.0018533
0.0038389
0.0054925
0.0077121
0.0072494
0.0066808
0.0073779
0.0077121
0.0074036
0.0075463
0.0072518
0.0072273
0.0073998
0.008726
0.0090189
0.0085035
0.0088901
0.0087612
0.0087612
0.0089197
0.0087975
0.0092148
0.0094085
0.0093441
0.0094054
0.0090419
0.0086753
0.0087184
0.0084693
0.008117
0.0081866
0.0076978
0.0073587
0.0083647
0.0080189
0.008401
0.0076861
0.0093238
0.0080923
0.0060407
0.0027799
0.00042473
0.0004253
0.00055899
0.00042767
0.0004253
0.00042767
0.00042767
0.00045171
0.0004253
0.00042473
0.0004253
0.00028316
0.00038652
0.00039713
0.00042473
0.0004982
0.00057214
0.0011341
0.0018838
0.0017164
0.0038277
0.0045305
0.0059268
0.0055848
0.0051492
0.0061791
0.0075036
0.0070789
0.0071038
0.0066542
0.0062294
0.0056631
0.0061094
0.0070993
0.0072668
0.0075579
0.0075579
0.0075579
0.0075975
0.0084693
0.008317
0.0084947
0.0089197
0.0086478
0.0090419
0.0086753
0.008431
0.008117
0.0079882
0.0077221
0.0074535
0.0067866
0.006625
0.0069262
0.0063239
0.0066997
0.00042473
0.0004253
0.0004253
0.00037365
0.00037365
0.00039713
0.00032076
0.00041924
0.00036656
0.00038652
0.00042473
0.00038652
0.00042533
0.00037365
0.00041924
0.00042473
0.00036656
0.00036656
0.00041924
0.00034193
0.00045411
0.00068116
0.00087865
0.0019847
0.0031787
0.0021266
0.0017012
0.0023935
0.0044451
0.0045591
0.0049204
0.0071038
0.0072518
0.0070767
0.0070767
0.0072273
0.0069262
0.0069262
0.0069558
0.0072273
0.0075579
0.0072494
0.0075579
0.0080644
0.0083448
0.0080957
0.0083448
0.0080699
0.008431
0.0085532
0.0079422
0.0079712
0.0075757
0.0070993
0.0069409
0.0069409
0.0067866
0.0066324
0.0064782
0.0061697
0.00033243
0.00037365
0.00042533
0.00038652
0.00038652
0.00034193
0.00034193
0.00030848
0.00034328
0.00041924
0.00034328
0.00034193
0.00034193
0.00038652
0.00034328
0.00034193
0.00032949
0.00037365
0.00044324
0.00044324
0.00041924
0.00056763
0.00090821
0.0014663
0.0031079
0.0026936
0.0021266
0.004087
0.0053358
0.0053871
0.0045591
0.004005
0.006625
0.006625
0.0067756
0.0061733
0.006625
0.0069409
0.0069748
0.0072273
0.0079426
0.0082202
0.0080206
0.0080957
0.0084533
0.0086324
0.0085532
0.0080206
0.0075757
0.0079882
0.0078593
0.0073484
0.0068286
0.0064744
0.0063239
0.0060227
0.0061733
0.0066324
0.0064865
0.0059872
0.00034328
0.00030114
0.00037365
0.00037365
0.00034193
0.00042533
0.00032076
0.00034949
0.00034193
0.00034193
0.00038652
0.00042473
0.00034193
0.00030114
0.00028355
0.00034328
0.00030848
0.00032949
0.00041924
0.00046273
0.00046626
0.00069873
0.0019565
0.0026215
0.0035333
0.0040773
0.0044268
0.0054493
0.0059198
0.0062687
0.0062687
0.0061779
0.0063638
0.0066487
0.0060678
0.0058722
0.0060227
0.0064744
0.0072494
0.0074036
0.0074036
0.0078593
0.0079882
0.0082458
0.0085532
0.0086363
0.0087369
0.0078593
0.0076016
0.0075579
0.0070951
0.0069262
0.0069409
0.0064744
0.0060227
0.0061733
0.0061733
0.0063239
0.0059309
0.005707
0.00039713
0.00040903
0.0004253
0.00037365
0.00038652
0.00042473
0.00034969
0.00037365
0.00039713
0.00034969
0.00045411
0.00041924
0.00043932
0.00044324
0.00043932
0.00051537
0.0013238
0.0019849
0.0034026
0.0041963
0.0051288
0.0063132
0.0073435
0.0082451
0.0086324
0.0087423
0.0092233
0.0087901
0.0087371
0.0085041
0.0083926
0.0082458
0.0080443
0.0074928
0.0077504
0.0074843
0.0068657
0.0069262
0.0069262
0.0068078
0.0068425
0.0070869
0.0072151
0.0079422
0.0080644
0.0080644
0.0084533
0.008506
0.0083848
0.0072494
0.0067866
0.0064744
0.0063638
0.0061733
0.0063239
0.0063239
0.0057718
0.0054205
0.0052699
0.0054985
0.00033243
0.00036656
0.00037365
0.00036656
0.00036656
0.00045171
0.00045579
0.00045579
0.00046273
0.0005671
0.00051537
0.00045411
0.00070789
0.0010997
0.0028632
0.0042005
0.0050968
0.0059991
0.006476
0.0072239
0.008223
0.0090835
0.0097819
0.010633
0.011284
0.011423
0.011878
0.011599
0.011184
0.010785
0.010775
0.010834
0.010485
0.010368
0.0097919
0.0093251
0.0088536
0.0085041
0.0078333
0.0073774
0.0074728
0.0071408
0.0070869
0.0070869
0.0067866
0.0069574
0.0069647
0.0069535
0.0070951
0.0079389
0.0074989
0.0069409
0.0061697
0.0060154
0.005707
0.0057216
0.0052699
0.0054205
0.0047359
0.0051492
0.00034949
0.00037365
0.00045171
0.0004253
0.00045579
0.00055405
0.00070883
0.00045171
0.00065898
0.00085532
0.00085532
0.00085532
0.0021994
0.0040903
0.0058628
0.007016
0.0073723
0.0080807
0.007646
0.0077972
0.0087612
0.0099105
0.010836
0.011862
0.012015
0.012626
0.012708
0.012901
0.012334
0.012334
0.012158
0.011982
0.0119
0.011557
0.011512
0.01117
0.010756
0.010565
0.010178
0.0096119
0.0096425
0.0096425
0.0091181
0.0090398
0.0086206
0.0070566
0.0072494
0.006352
0.0066634
0.006625
0.0064744
0.006625
0.0064744
0.0061733
0.0058047
0.0054205
0.0054205
0.0054205
0.0049688
0.0048182
0.00037365
0.00038652
0.00045171
0.00056631
0.00061094
0.00070888
0.00070888
0.00096227
0.0020772
0.0024438
0.0029325
0.00391
0.0054537
0.0063541
0.0072305
0.0079389
0.0084533
0.0086601
0.0066011
0.0073719
0.0097148
0.010061
0.010264
0.012135
0.013396
0.013327
0.013695
0.013751
0.013746
0.013894
0.013825
0.013975
0.013441
0.013045
0.012587
0.012589
0.012111
0.011443
0.01104
0.01118
0.0109
0.010756
0.010621
0.010144
0.010307
0.00946
0.0083877
0.0079217
0.0070919
0.0064782
0.005669
0.0059198
0.0063239
0.0066189
0.0055527
0.0052699
0.00509
0.0052442
0.0042171
0.0042766
0.0004982
0.00045579
0.00055899
0.0005671
0.00085065
0.001059
0.0016038
0.0027269
0.0049618
0.0051039
0.0055292
0.0065217
0.0066808
0.0073135
0.0086604
0.0086478
0.0085896
0.0064421
0.0055598
0.0095307
0.010065
0.010179
0.011699
0.010362
0.012271
0.014301
0.014301
0.014319
0.015273
0.015232
0.015693
0.015461
0.015273
0.015372
0.014817
0.014394
0.013657
0.013271
0.012587
0.012587
0.012437
0.011851
0.011878
0.011243
0.011338
0.010587
0.010104
0.0095526
0.0090921
0.0075975
0.0069888
0.0058612
0.005571
0.0055527
0.0064865
0.0052699
0.0052442
0.0049357
0.0047815
0.0043684
0.00048875
0.00058282
0.00092664
0.0011914
0.0015376
0.0017013
0.0028811
0.004395
0.006371
0.0070888
0.0069574
0.0075036
0.0089313
0.0094984
0.010089
0.010066
0.0083877
0.0052637
0.0061733
0.011085
0.011656
0.01119
0.010787
0.0087901
0.008726
0.012816
0.014725
0.01532
0.016527
0.017368
0.017839
0.017595
0.017485
0.017265
0.016426
0.016071
0.015074
0.014946
0.014445
0.01413
0.013826
0.013617
0.013107
0.012115
0.012097
0.01174
0.011334
0.010217
0.0095362
0.0090921
0.0080524
0.0068369
0.0063082
0.0052311
0.0055527
0.0059542
0.0052442
0.0055598
0.0049357
0.0060893
0.00056707
0.00092664
0.0014663
0.0033425
0.0032949
0.0039695
0.0044993
0.0062381
0.0077716
0.008317
0.0090865
0.0097819
0.010771
0.010907
0.010633
0.0097914
0.0060555
0.005821
0.0082813
0.012822
0.012715
0.012651
0.009922
0.0067203
0.0058538
0.010338
0.013563
0.015518
0.017485
0.018726
0.019422
0.020039
0.019706
0.018989
0.018038
0.01778
0.017136
0.016542
0.015843
0.01561
0.014761
0.014761
0.013846
0.013335
0.012914
0.012463
0.011854
0.011596
0.010871
0.0098755
0.0089686
0.0086601
0.0072927
0.006533
0.0051193
0.0048839
0.00509
0.0056922
0.0062294
0.0052222
0.0008506
0.0015884
0.0032991
0.0036076
0.0045365
0.0062377
0.0072927
0.008317
0.008726
0.010157
0.010607
0.010724
0.011914
0.012034
0.011726
0.010491
0.0058805
0.0054537
0.012154
0.014418
0.01418
0.012129
0.0093412
0.0041229
0.0045365
0.0091542
0.011608
0.015273
0.017928
0.020124
0.021261
0.022116
0.022045
0.021661
0.020357
0.019984
0.019105
0.018406
0.017666
0.017358
0.017125
0.01656
0.015953
0.015193
0.014433
0.013835
0.012879
0.012423
0.011395
0.010871
0.010558
0.0089686
0.0083562
0.0075966
0.006533
0.0055598
0.0048839
0.0062718
0.0062292
0.0074843
0.001059
0.0018671
0.003956
0.0059542
0.006685
0.0080443
0.0093251
0.010374
0.011625
0.011726
0.012576
0.012814
0.013107
0.013498
0.012759
0.0093831
0.0063162
0.0065276
0.014445
0.016348
0.015454
0.014174
0.0075463
0.0034086
0.005671
0.0096529
0.011341
0.014907
0.017834
0.020551
0.021672
0.023058
0.023393
0.023191
0.022225
0.022116
0.021118
0.020663
0.020359
0.019984
0.018989
0.018536
0.018057
0.016864
0.015953
0.015843
0.015028
0.013685
0.013066
0.011851
0.010899
0.010444
0.0091159
0.0082043
0.0074446
0.0060772
0.0062603
0.0051258
0.0053875
0.0068095
0.002118
0.0041112
0.0060555
0.0075966
0.0091477
0.010024
0.011307
0.012206
0.012704
0.013563
0.014164
0.014296
0.014052
0.014673
0.013555
0.0096529
0.0065898
0.0075141
0.015501
0.015501
0.016089
0.017188
0.0069526
0.0067203
0.010088
0.010019
0.012476
0.015028
0.017718
0.020853
0.022117
0.023166
0.023954
0.023701
0.023818
0.023578
0.022771
0.022251
0.02194
0.021661
0.02062
0.019921
0.019338
0.018639
0.017824
0.01732
0.01649
0.015649
0.015028
0.013528
0.012581
0.011398
0.010104
0.0089686
0.0080176
0.0072927
0.0069801
0.0057979
0.0052311
0.0048957
0.0037422
0.0065445
0.0075966
0.009092
0.010193
0.010906
0.012755
0.013528
0.014044
0.014817
0.015816
0.015894
0.015816
0.017608
0.015503
0.011013
0.0052541
0.0092154
0.01596
0.015659
0.016872
0.018604
0.0076016
0.0068172
0.010444
0.012463
0.012816
0.015791
0.017951
0.020273
0.02236
0.022942
0.023587
0.024225
0.024489
0.024295
0.024316
0.023821
0.022918
0.022639
0.021668
0.021102
0.020037
0.019338
0.018586
0.017474
0.017168
0.016712
0.01561
0.015041
0.014173
0.012762
0.011557
0.010088
0.0082043
0.0076063
0.0073792
0.006471
0.0057293
0.0055628
0.0056631
0.0076958
0.0092085
0.01063
0.011761
0.013164
0.014329
0.015144
0.01564
0.015998
0.016814
0.017394
0.01778
0.019056
0.016871
0.012728
0.0048875
0.0079079
0.016086
0.017315
0.019387
0.017997
0.0080176
0.0034787
0.0024542
0.0098768
0.013225
0.015931
0.018417
0.020416
0.021974
0.0226
0.023649
0.024785
0.025019
0.024805
0.024408
0.024377
0.024093
0.023563
0.022779
0.021785
0.020853
0.020177
0.019105
0.017824
0.016618
0.015333
0.015345
0.01527
0.015041
0.013826
0.012521
0.0109
0.0093412
0.0083562
0.0079469
0.0070387
0.0062907
0.0062886
0.0075966
0.010084
0.011252
0.012616
0.014648
0.016038
0.016984
0.017012
0.01687
0.01758
0.018008
0.018431
0.019352
0.020228
0.018807
0.013616
0.0051319
0.0089812
0.015326
0.017164
0.019122
0.017316
0.0035519
0.0015574
0.001118
0.0092678
0.012822
0.015952
0.018431
0.020983
0.021842
0.022636
0.023757
0.024622
0.024602
0.024847
0.024635
0.02396
0.02396
0.023695
0.023338
0.022018
0.021668
0.020039
0.019425
0.017707
0.016363
0.015261
0.01443
0.014189
0.014282
0.014445
0.013695
0.011766
0.01005
0.0084721
0.0085081
0.0079783
0.0072657
0.0069873
0.0099283
0.012189
0.013238
0.014948
0.01628
0.017841
0.0184
0.018289
0.018264
0.018278
0.01892
0.01914
0.020528
0.021704
0.020997
0.014605
0.0057216
0.0062603
0.014889
0.016257
0.018122
0.017
0.0039941
0.0010491
0.00034328
0.009922
0.013225
0.015595
0.018952
0.020983
0.02171
0.023166
0.023915
0.024384
0.024698
0.024994
0.024809
0.024093
0.024093
0.023779
0.0226
0.022018
0.021139
0.019867
0.018811
0.018038
0.016592
0.014688
0.013634
0.013066
0.013335
0.014016
0.013416
0.012743
0.010264
0.0094054
0.009092
0.0084358
0.0079783
0.0071522
0.010987
0.013741
0.016234
0.017077
0.01845
0.020052
0.019928
0.019867
0.019706
0.019679
0.020174
0.020662
0.021313
0.021408
0.020273
0.015358
0.0076016
0.0047227
0.012306
0.016542
0.017279
0.017888
0.0045171
0.0012577
0.0034631
0.011443
0.015403
0.016729
0.018839
0.020416
0.022107
0.023841
0.024244
0.024917
0.024693
0.024484
0.024362
0.024163
0.023191
0.022419
0.021797
0.022031
0.020551
0.020775
0.019804
0.018639
0.01649
0.014531
0.01351
0.012407
0.012626
0.012765
0.01261
0.012348
0.010828
0.0097677
0.0092166
0.0092321
0.0087371
0.0081739
0.013851
0.015719
0.017273
0.019062
0.020635
0.021542
0.02157
0.021945
0.021531
0.020929
0.021314
0.021832
0.02236
0.02127
0.019849
0.017473
0.0085035
0.004787
0.010027
0.01663
0.015729
0.01776
0.0092148
0.0039539
0.012742
0.014738
0.015403
0.016785
0.018417
0.02084
0.0226
0.023343
0.024216
0.024377
0.024222
0.02396
0.022917
0.021679
0.019713
0.018283
0.018767
0.019233
0.020166
0.020962
0.02027
0.018586
0.01737
0.016461
0.014986
0.010527
0.0093566
0.010635
0.011851
0.011091
0.010444
0.010089
0.0097172
0.0086643
0.0091181
0.0094088
0.016373
0.016878
0.019306
0.020429
0.021672
0.022372
0.022676
0.022794
0.022592
0.022791
0.022657
0.022917
0.022793
0.021911
0.020127
0.017229
0.0090189
0.0075757
0.0085065
0.017438
0.01721
0.016935
0.01406
0.0085896
0.010587
0.012082
0.015386
0.01732
0.019633
0.02194
0.022942
0.023599
0.023617
0.023736
0.022795
0.021679
0.020274
0.016495
0.013221
0.012407
0.012956
0.015509
0.018989
0.020359
0.020207
0.019072
0.018051
0.01705
0.014532
0.0094085
0.0083647
0.0081748
0.0097236
0.010558
0.010491
0.010335
0.0097633
0.0092321
0.0090835
0.0096691
0.016363
0.017839
0.019794
0.021298
0.022228
0.023502
0.023415
0.02336
0.023159
0.02354
0.023704
0.023664
0.023338
0.022886
0.021832
0.018671
0.014184
0.010157
0.0096804
0.016185
0.018384
0.018008
0.017552
0.011773
0.0066106
0.013043
0.017125
0.019255
0.021241
0.022085
0.022162
0.022273
0.022273
0.021918
0.020588
0.017642
0.013793
0.010983
0.010226
0.011184
0.012411
0.01554
0.017584
0.019434
0.019574
0.018991
0.01808
0.015953
0.012762
0.0075783
0.0064782
0.0078663
0.0087762
0.0099105
0.010207
0.0097914
0.01003
0.0096407
0.0092714
0.010135
0.017394
0.019672
0.020405
0.02118
0.022668
0.023449
0.023959
0.023954
0.023827
0.023664
0.024049
0.023935
0.02403
0.023229
0.021951
0.020387
0.016412
0.013025
0.010508
0.015193
0.018236
0.018618
0.018232
0.016688
0.015029
0.016641
0.019672
0.021116
0.021741
0.021116
0.020315
0.020486
0.020127
0.019233
0.016365
0.01276
0.011248
0.010899
0.010957
0.011751
0.01276
0.015116
0.016132
0.018881
0.01928
0.017928
0.016542
0.013551
0.0087865
0.0045031
0.00509
0.0060169
0.0079801
0.0082327
0.0090041
0.0099904
0.010416
0.010389
0.010226
0.0096364
0.018424
0.020099
0.021133
0.021749
0.02279
0.023578
0.024287
0.024193
0.023853
0.024408
0.024622
0.024505
0.024733
0.024163
0.023429
0.022251
0.01808
0.01527
0.013196
0.012762
0.01808
0.018536
0.017951
0.018767
0.020166
0.020853
0.020748
0.019592
0.019072
0.018173
0.017472
0.017588
0.017168
0.015392
0.013677
0.01173
0.010621
0.0112
0.012244
0.012123
0.012147
0.012015
0.014418
0.017584
0.01845
0.017707
0.014861
0.012006
0.0054802
0.0046383
0.0041112
0.004473
0.0064782
0.0070888
0.0079801
0.009563
0.010413
0.010841
0.010179
0.010362
0.019503
0.020648
0.021645
0.022418
0.02279
0.024005
0.024309
0.024193
0.024242
0.024667
0.024809
0.024951
0.024831
0.02458
0.024071
0.023216
0.021445
0.018688
0.017029
0.016435
0.016588
0.016785
0.016105
0.017131
0.017697
0.017606
0.017452
0.016572
0.01628
0.01581
0.015497
0.015736
0.015392
0.014356
0.013405
0.012271
0.012147
0.012051
0.012045
0.010642
0.01096
0.0086376
0.012617
0.015791
0.017707
0.017096
0.015706
0.0094077
0.0055899
0.0042338
0.0036472
0.0048839
0.005571
0.0072518
0.0079426
0.009135
0.01007
0.010239
0.010088
0.0094088
0.019842
0.020872
0.022116
0.022418
0.023549
0.024484
0.024776
0.024635
0.024351
0.024951
0.025154
0.02534
0.025376
0.025518
0.025163
0.024231
0.022717
0.021215
0.01991
0.01977
0.018767
0.017438
0.016076
0.015494
0.015091
0.01614
0.016007
0.015332
0.014906
0.014603
0.014744
0.014589
0.014208
0.013196
0.013111
0.013563
0.014044
0.013616
0.012876
0.01069
0.01076
0.0085896
0.010621
0.01499
0.018046
0.016785
0.014178
0.0091758
0.0063575
0.0041
0.0033933
0.0057734
0.0076554
0.0072305
0.0083291
0.010334
0.010264
0.010264
0.010088
0.0099552
0.019245
0.021277
0.022405
0.022805
0.023959
0.024609
0.024926
0.024952
0.024765
0.024613
0.02536
0.025769
0.025316
0.025234
0.025126
0.025049
0.024438
0.023582
0.022107
0.02127
0.020675
0.019281
0.017824
0.017155
0.017209
0.017273
0.016587
0.015887
0.015387
0.014589
0.014418
0.014455
0.014652
0.01527
0.016412
0.01635
0.01669
0.016618
0.016802
0.013863
0.01205
0.010508
0.011786
0.015594
0.018671
0.017725
0.015879
0.008733
0.0055628
0.0053189
0.0047359
0.0093831
0.0083642
0.0098408
0.009544
0.010952
0.010527
0.01059
0.010372
0.01096
0.020039
0.021505
0.022881
0.023338
0.024351
0.024438
0.024492
0.024682
0.025201
0.025224
0.025496
0.02566
0.025676
0.025447
0.025382
0.025087
0.024542
0.024464
0.023649
0.022886
0.022251
0.022605
0.02152
0.02238
0.022228
0.02152
0.020571
0.019831
0.018866
0.018939
0.018931
0.018369
0.019273
0.019566
0.019679
0.020675
0.021549
0.021048
0.021856
0.01852
0.014096
0.012317
0.014003
0.019197
0.020662
0.019724
0.017438
0.0090736
0.0065846
0.005671
0.006629
0.0089639
0.0097823
0.011739
0.01126
0.010916
0.010298
0.01192
0.010836
0.010753
0.020228
0.021774
0.023251
0.023245
0.024765
0.024711
0.024622
0.02491
0.025283
0.025171
0.025537
0.025975
0.025861
0.025629
0.025768
0.025639
0.025046
0.025152
0.024591
0.024347
0.023727
0.023644
0.024315
0.024712
0.024461
0.024123
0.02396
0.023338
0.022918
0.021815
0.021719
0.021627
0.021627
0.022045
0.021627
0.021918
0.023451
0.023343
0.022495
0.019875
0.017776
0.015931
0.013024
0.019724
0.020037
0.019564
0.016511
0.010775
0.008843
0.00648
0.0059198
0.009092
0.0097823
0.011642
0.013401
0.011248
0.011214
0.012309
0.011483
0.010917
0.021517
0.022605
0.023578
0.023833
0.024591
0.025159
0.025171
0.025484
0.025657
0.025554
0.026042
0.025659
0.025657
0.025549
0.025681
0.025554
0.025549
0.025629
0.024952
0.024144
0.024093
0.02458
0.024961
0.025877
0.025994
0.025574
0.025124
0.024484
0.024164
0.023736
0.022819
0.022638
0.023235
0.02346
0.023338
0.023291
0.023159
0.023397
0.023365
0.02094
0.019338
0.018497
0.013362
0.018811
0.019589
0.019466
0.016428
0.012136
0.0095903
0.0069811
0.0063827
0.0095028
0.010916
0.011786
0.01406
0.012031
0.012701
0.013451
0.012369
0.012261
0.021388
0.022483
0.023723
0.024164
0.025069
0.025415
0.025511
0.025768
0.025905
0.025905
0.026041
0.025533
0.025659
0.025549
0.025745
0.025768
0.025554
0.025527
0.02491
0.024536
0.024163
0.02456
0.025189
0.025862
0.025632
0.025233
0.024316
0.023308
0.023477
0.022845
0.022515
0.022367
0.022795
0.022849
0.022886
0.022567
0.02403
0.025221
0.025484
0.02197
0.019804
0.018547
0.016641
0.021311
0.021684
0.020662
0.018134
0.011313
0.0090865
0.0081739
0.0075036
0.010062
0.011056
0.012015
0.014114
0.012914
0.013741
0.013202
0.013276
0.01337
0.019688
0.022405
0.024057
0.024567
0.025307
0.025603
0.025233
0.025307
0.025603
0.025524
0.025751
0.0257
0.025899
0.025897
0.025639
0.025233
0.024755
0.024351
0.023827
0.023882
0.023429
0.023882
0.023882
0.02396
0.024259
0.023572
0.022025
0.020943
0.021491
0.021285
0.020663
0.020208
0.020775
0.020815
0.020889
0.020853
0.022199
0.023183
0.022636
0.019682
0.017894
0.016575
0.018204
0.021637
0.022982
0.021277
0.018505
0.010104
0.0093566
0.0097263
0.0072205
0.010952
0.013221
0.012521
0.013555
0.01337
0.014418
0.0137
0.013752
0.012459
0.01964
0.022365
0.023216
0.024536
0.025159
0.025603
0.025645
0.025531
0.025873
0.025884
0.025899
0.02603
0.026541
0.026151
0.025396
0.024595
0.022769
0.02194
0.021574
0.022771
0.022453
0.022484
0.0226
0.022486
0.022117
0.021266
0.021594
0.020611
0.021627
0.021497
0.021637
0.020867
0.020321
0.019816
0.019796
0.019989
0.020154
0.020278
0.018665
0.01674
0.014937
0.012956
0.017707
0.020662
0.021314
0.021491
0.018714
0.011293
0.0074928
0.0074085
0.0078051
0.011395
0.0126
0.011043
0.011761
0.014602
0.015762
0.015195
0.014886
0.013825
0.019222
0.021259
0.023949
0.024698
0.025533
0.026151
0.026089
0.026101
0.025987
0.025913
0.026338
0.026284
0.026556
0.026284
0.025124
0.024813
0.022736
0.01943
0.01999
0.02084
0.021672
0.022032
0.021388
0.021139
0.021298
0.020699
0.022909
0.022845
0.022296
0.022542
0.022199
0.022504
0.022793
0.020254
0.0193
0.018406
0.018523
0.019455
0.019387
0.015358
0.013729
0.012051
0.018289
0.019688
0.021422
0.021277
0.01955
0.012411
0.0084216
0.0058612
0.0080206
0.0090041
0.011058
0.0094857
0.012701
0.015503
0.016261
0.016446
0.015151
0.013451
0.019434
0.021015
0.02395
0.024315
0.025487
0.025659
0.02598
0.026452
0.026111
0.02625
0.026404
0.026679
0.02674
0.026484
0.025681
0.024357
0.021521
0.016191
0.01835
0.019599
0.021016
0.02065
0.019796
0.019197
0.018817
0.020528
0.022182
0.024163
0.024163
0.023817
0.023108
0.023727
0.023077
0.022541
0.020154
0.016728
0.016821
0.018122
0.019567
0.018278
0.016982
0.017718
0.020956
0.021704
0.022499
0.021774
0.021285
0.016634
0.0079389
0.0062603
0.0069251
0.0081307
0.010066
0.010799
0.015096
0.015931
0.017296
0.017008
0.016111
0.013326
0.018536
0.021607
0.023964
0.024932
0.025415
0.02598
0.026515
0.026359
0.026359
0.026404
0.026452
0.026469
0.02674
0.02667
0.025416
0.024157
0.01649
0.015818
0.015843
0.0205
0.020025
0.01843
0.019535
0.016706
0.012708
0.016067
0.020663
0.022684
0.024057
0.024487
0.025771
0.024408
0.024129
0.023723
0.022453
0.01928
0.016252
0.01554
0.016281
0.016862
0.01829
0.021406
0.022881
0.022938
0.022771
0.022138
0.021941
0.019724
0.013196
0.0058358
0.0068078
0.0080812
0.0099434
0.013472
0.014589
0.016202
0.017612
0.016724
0.015729
0.014032
0.017951
0.020423
0.023629
0.024822
0.025481
0.026329
0.026565
0.026588
0.026359
0.026443
0.026404
0.026469
0.02674
0.026816
0.025639
0.022486
0.012708
0.0134
0.015494
0.019604
0.018991
0.019574
0.018811
0.0106
0.0074066
0.012708
0.017624
0.020557
0.023198
0.024357
0.025591
0.02581
0.02566
0.025288
0.024595
0.022827
0.019724
0.017107
0.01554
0.016202
0.018164
0.022138
0.023415
0.023843
0.023724
0.023046
0.022886
0.020511
0.017776
0.010618
0.0093081
0.0109
0.01332
0.015454
0.016252
0.016909
0.017125
0.016129
0.015181
0.013767
0.016576
0.019844
0.023251
0.024833
0.025758
0.026452
0.02667
0.026443
0.026436
0.026215
0.026469
0.026433
0.026484
0.026484
0.025782
0.01778
0.011239
0.0090865
0.013962
0.017329
0.019538
0.019984
0.013764
0.0088589
0.012115
0.011852
0.015801
0.018069
0.02144
0.0246
0.024912
0.025708
0.02628
0.026393
0.025591
0.025279
0.02386
0.021901
0.019887
0.019503
0.020611
0.022541
0.023676
0.024391
0.024484
0.02395
0.022828
0.022085
0.019688
0.016234
0.014003
0.014504
0.016634
0.017214
0.017107
0.017608
0.016775
0.015816
0.01361
0.014208
0.016785
0.01978
0.02123
0.024222
0.025533
0.02598
0.026215
0.025904
0.025782
0.02603
0.026026
0.02603
0.026759
0.026359
0.025171
0.01559
0.0083088
0.0064283
0.014673
0.017472
0.017368
0.018167
0.0065118
0.0043988
0.011334
0.012465
0.015181
0.018167
0.020823
0.02325
0.02491
0.025819
0.026333
0.026541
0.026042
0.026133
0.025511
0.024351
0.023522
0.022791
0.023308
0.02396
0.023549
0.024102
0.024269
0.024273
0.023174
0.022418
0.020812
0.018184
0.017013
0.016348
0.016914
0.017749
0.017316
0.017049
0.016465
0.015096
0.013702
0.015596
0.015345
0.018639
0.020387
0.022567
0.023964
0.024609
0.025124
0.025171
0.025049
0.025759
0.025533
0.025597
0.026148
0.02614
0.024193
0.012884
0.0063162
0.0069466
0.014795
0.020246
0.019148
0.0148
0.0020719
0.00070888
0.0029325
0.011417
0.01615
0.019139
0.021594
0.023191
0.024697
0.025657
0.02603
0.02667
0.026799
0.026595
0.026475
0.025905
0.024995
0.024347
0.024484
0.024484
0.024351
0.024522
0.024245
0.024049
0.023219
0.02197
0.020853
0.019816
0.017864
0.017168
0.017997
0.017824
0.017464
0.016641
0.016071
0.014405
0.014452
0.01507
0.012802
0.01656
0.018688
0.021118
0.023291
0.023701
0.02448
0.024866
0.024461
0.025124
0.024613
0.024932
0.025189
0.02581
0.024733
0.014499
0.0053279
0.009135
0.017908
0.021165
0.0208
0.011459
0.0025484
0.00034058
0.001318
0.010157
0.016225
0.019989
0.022543
0.023191
0.024114
0.025371
0.026412
0.026928
0.02753
0.026937
0.026799
0.026451
0.025978
0.025396
0.025163
0.025163
0.02534
0.02534
0.024863
0.023785
0.022652
0.022031
0.02067
0.019724
0.019842
0.018295
0.018671
0.018057
0.017329
0.016076
0.015292
0.014607
0.013875
0.014184
0.012626
0.015461
0.01732
0.019751
0.021878
0.023063
0.023191
0.023836
0.023549
0.023549
0.024461
0.024522
0.025159
0.025261
0.025019
0.012494
0.0060227
0.013791
0.019574
0.02194
0.022045
0.014817
0.0023178
0.00090341
0.0018509
0.012081
0.018122
0.02113
0.022966
0.024093
0.024405
0.025253
0.026155
0.02667
0.027057
0.026881
0.026689
0.026541
0.026328
0.026151
0.025745
0.025512
0.025233
0.025447
0.024419
0.023753
0.022453
0.021684
0.020548
0.019672
0.019306
0.018766
0.018289
0.017552
0.01702
0.015624
0.015116
0.014862
0.013894
0.013076
0.01069
0.013196
0.016202
0.018553
0.020207
0.021102
0.022032
0.02332
0.023549
0.023477
0.023757
0.023675
0.024602
0.024976
0.024176
0.01108
0.0088798
0.017136
0.020826
0.023077
0.023058
0.017861
0.0063638
0.0058538
0.011252
0.01559
0.020104
0.021856
0.023392
0.024613
0.025496
0.025537
0.026587
0.026799
0.026996
0.026926
0.026778
0.026579
0.026444
0.025862
0.025767
0.025265
0.025126
0.025043
0.024543
0.023765
0.022717
0.021774
0.021285
0.020615
0.019186
0.01955
0.018671
0.018046
0.016915
0.015345
0.014607
0.013899
0.01363
0.013635
0.010024
0.010997
0.012585
0.016588
0.018536
0.019565
0.020743
0.021672
0.022334
0.022805
0.023077
0.023042
0.02346
0.023833
0.024271
0.012577
0.010635
0.019197
0.022313
0.023291
0.022547
0.018558
0.0090731
0.010372
0.013045
0.017909
0.019704
0.02217
0.023943
0.025253
0.025768
0.026042
0.02627
0.026759
0.027004
0.02689
0.02681
0.026759
0.026031
0.02614
0.02581
0.025554
0.025265
0.024822
0.024464
0.023998
0.022936
0.021832
0.021785
0.020477
0.019413
0.019224
0.01827
0.017622
0.01656
0.015181
0.014114
0.013076
0.012581
0.012939
0.0054113
0.0096405
0.011241
0.01337
0.016848
0.018384
0.020177
0.020969
0.021552
0.021945
0.022257
0.022161
0.022955
0.023064
0.023273
0.012601
0.010939
0.019453
0.022657
0.022111
0.021921
0.017894
0.0065982
0.0083108
0.014319
0.017165
0.019707
0.021878
0.024273
0.025152
0.026343
0.027005
0.026799
0.027137
0.027137
0.026898
0.026204
0.025746
0.026026
0.025447
0.02534
0.024918
0.024347
0.024347
0.023765
0.023077
0.0226
0.021746
0.021265
0.020668
0.01977
0.018845
0.017736
0.017164
0.016105
0.015093
0.013835
0.012271
0.011862
0.01154
0.0018068
0.0067866
0.010062
0.012097
0.014164
0.016415
0.018268
0.020357
0.020841
0.021086
0.021552
0.021918
0.022716
0.022499
0.021015
0.012374
0.010714
0.01705
0.021921
0.021997
0.021314
0.01806
0.0070767
0.0048979
0.01069
0.016303
0.019633
0.022359
0.024461
0.025189
0.026393
0.02689
0.026792
0.026784
0.026759
0.026204
0.025877
0.024961
0.025659
0.024813
0.024163
0.023707
0.023727
0.0235
0.023174
0.022625
0.021746
0.021086
0.021086
0.020174
0.019338
0.018068
0.017584
0.016843
0.015905
0.014648
0.01337
0.011395
0.011459
0.012841
0.00091181
0.001628
0.0056206
0.010371
0.010997
0.01274
0.015497
0.01778
0.01955
0.020057
0.020648
0.021102
0.022051
0.021512
0.01935
0.011914
0.012034
0.016478
0.021314
0.021681
0.020597
0.019034
0.012271
0.0066189
0.011326
0.017707
0.02084
0.022805
0.024157
0.025415
0.026436
0.02689
0.026556
0.026373
0.025884
0.025626
0.025283
0.025233
0.025171
0.024412
0.023664
0.023166
0.022161
0.022111
0.022225
0.02169
0.021133
0.021133
0.020154
0.019724
0.018423
0.017622
0.016915
0.015562
0.014561
0.013978
0.010558
0.011596
0.012115
0.011883
0.00081595
0.00091181
0.00068116
0.0033933
0.0083448
0.011726
0.011414
0.013988
0.016465
0.018497
0.019245
0.020037
0.020099
0.020288
0.019565
0.014946
0.01158
0.011851
0.01991
0.020357
0.020748
0.019832
0.01677
0.013327
0.015356
0.020357
0.021527
0.022735
0.023789
0.024602
0.025591
0.025767
0.0257
0.025544
0.024749
0.024536
0.024661
0.024071
0.023299
0.022963
0.022917
0.022294
0.021314
0.02123
0.021123
0.020744
0.02063
0.020288
0.019724
0.018891
0.016576
0.016724
0.014959
0.014826
0.013617
0.010088
0.0097919
0.010672
0.01158
0.012942
0.00046626
0.00066189
0.00085532
0.00077305
0.0014663
0.0039539
0.0066808
0.0092166
0.011226
0.015037
0.018184
0.018586
0.018881
0.018767
0.018534
0.01794
0.012311
0.011203
0.016989
0.019571
0.019682
0.01917
0.018004
0.018004
0.020099
0.021001
0.021552
0.022339
0.022942
0.023723
0.024273
0.0246
0.024912
0.024912
0.024464
0.023833
0.023273
0.022971
0.021435
0.022515
0.021343
0.021428
0.021343
0.020548
0.019706
0.019564
0.019413
0.019281
0.018369
0.01808
0.016821
0.015574
0.014327
0.012879
0.012473
0.010386
0.01005
0.011085
0.013451
0.01529
0.00042473
0.00042533
0.0005671
0.00057214
0.00056707
0.00061094
0.0010307
0.0021173
0.0030652
0.0050097
0.010508
0.01644
0.016935
0.017329
0.01773
0.018236
0.017016
0.013746
0.015715
0.018571
0.018949
0.018713
0.019466
0.020486
0.020997
0.021261
0.021785
0.021914
0.022625
0.023023
0.023365
0.0235
0.02395
0.023392
0.02308
0.022365
0.021997
0.021298
0.021422
0.020775
0.02123
0.020924
0.019835
0.019305
0.018881
0.019109
0.018284
0.01852
0.018284
0.016812
0.015273
0.015116
0.014418
0.01337
0.012755
0.011699
0.010508
0.01104
0.014074
0.015836
0.00045171
0.00045579
0.00045171
0.00045171
0.00045771
0.0004253
0.00051537
0.00056763
0.0005671
0.00077568
0.0030547
0.0092863
0.012585
0.015444
0.01663
0.017312
0.017164
0.016915
0.017394
0.018308
0.01894
0.019713
0.020099
0.020872
0.020954
0.021261
0.021497
0.021719
0.021785
0.022367
0.022117
0.022478
0.022182
0.021797
0.021505
0.021343
0.020894
0.020538
0.020528
0.020426
0.019946
0.019527
0.018308
0.018423
0.018068
0.017739
0.01839
0.01771
0.01578
0.013528
0.013786
0.01492
0.015333
0.014647
0.014394
0.01337
0.011722
0.014208
0.014694
0.01529
0.00045771
0.0004982
0.00034949
0.00045579
0.00042533
0.00048875
0.00042473
0.0004982
0.00056707
0.0005671
0.00054915
0.0020452
0.0055901
0.0095307
0.012195
0.015387
0.016565
0.017049
0.017686
0.018652
0.018995
0.019453
0.02006
0.020402
0.020387
0.020556
0.020426
0.021118
0.021123
0.021118
0.021086
0.0212
0.021086
0.020865
0.0212
0.020288
0.019832
0.019376
0.01892
0.01835
0.017871
0.017014
0.016445
0.016185
0.016565
0.016989
0.016967
0.015652
0.014531
0.013674
0.01337
0.015144
0.015727
0.01562
0.015432
0.015261
0.014475
0.014534
0.013915
0.015149
0.00056707
0.00056631
0.00045591
0.00045591
0.00040903
0.00046273
0.00044399
0.00045771
0.00054537
0.0005671
0.00045771
0.00055899
0.00064151
0.0012219
0.0025659
0.0058128
0.010258
0.013221
0.015952
0.016361
0.018534
0.018991
0.019455
0.0193
0.019566
0.019989
0.019989
0.019921
0.019679
0.019724
0.01977
0.019704
0.01917
0.019724
0.018798
0.018821
0.017014
0.016185
0.015615
0.014532
0.014589
0.014817
0.014761
0.014452
0.014807
0.01443
0.014673
0.014688
0.014911
0.014585
0.014173
0.014817
0.015386
0.015273
0.015326
0.014678
0.015045
0.014499
0.013728
0.015273
0.00046273
0.00045411
0.00044399
0.00045171
0.00052951
0.0004253
0.00039713
0.00045171
0.00044324
0.00044399
0.00045411
0.00045171
0.00045171
0.00044324
0.0004253
0.0004982
0.0011209
0.0025075
0.0041963
0.0050122
0.0066487
0.0098622
0.013164
0.014329
0.015261
0.01596
0.016542
0.016409
0.01656
0.017168
0.017243
0.016319
0.016413
0.01554
0.01406
0.014295
0.013737
0.01337
0.014114
0.014418
0.013826
0.014052
0.014174
0.013915
0.013929
0.01443
0.015377
0.01561
0.015843
0.015028
0.015261
0.01413
0.014678
0.015028
0.015144
0.014678
0.014872
0.014337
0.014019
0.015159
0.0005671
0.00044324
0.00042767
0.00042767
0.00044399
0.00044399
0.00045591
0.00044399
0.00045411
0.00041924
0.00041924
0.00036656
0.00033243
0.00041924
0.00034328
0.00036656
0.00036656
0.00034193
0.00045771
0.00045771
0.00056707
0.0015514
0.0026936
0.0053871
0.0069466
0.0078644
0.0089318
0.010714
0.010633
0.011398
0.012003
0.012755
0.013221
0.012577
0.011852
0.014585
0.015332
0.014418
0.015074
0.014418
0.015041
0.014889
0.014946
0.01544
0.015727
0.014986
0.015261
0.015261
0.015736
0.015562
0.015448
0.015219
0.015448
0.015104
0.01527
0.014647
0.014687
0.014454
0.013677
0.014697
0.00056988
0.0004982
0.00045171
0.00045591
0.00044324
0.00044399
0.00043932
0.0004253
0.00046273
0.00045411
0.00045411
0.00045591
0.00045591
0.00042533
0.00042533
0.00045591
0.0004253
0.00045771
0.00045591
0.00056707
0.0005671
0.00091542
0.0012759
0.0019245
0.0031769
0.005239
0.0071636
0.0087918
0.0096227
0.0088743
0.012473
0.012755
0.013528
0.014907
0.015193
0.015649
0.015518
0.014931
0.015273
0.015518
0.015203
0.015159
0.01596
0.016319
0.016202
0.016319
0.016007
0.016504
0.015736
0.016185
0.015969
0.01562
0.01562
0.015736
0.015219
0.01492
0.01457
0.01492
0.014191
0.014986
0.00064421
0.00069873
0.0005671
0.00056707
0.00055899
0.00045411
0.00044399
0.00045591
0.00041924
0.0005671
0.00048875
0.00045591
0.00045771
0.00045591
0.00045771
0.00045171
0.0004982
0.00045411
0.00042533
0.00044399
0.00056988
0.00062275
0.00087184
0.001332
0.0029599
0.0042347
0.0078466
0.011209
0.0080604
0.011398
0.013327
0.013825
0.014876
0.014817
0.014817
0.014758
0.015074
0.015345
0.016185
0.016426
0.01663
0.01663
0.016575
0.016802
0.016688
0.016461
0.016348
0.016909
0.017189
0.016641
0.016299
0.015969
0.015969
0.016071
0.015677
0.015503
0.01527
0.015153
0.014758
0.014758
0.00083848
0.0012219
0.00099639
0.00059198
0.00061094
0.0005671
0.00044399
0.00046273
0.00051537
0.00056707
0.0005671
0.00048875
0.00051537
0.00056707
0.00056707
0.0005671
0.00045591
0.0005671
0.00060227
0.0005671
0.00061697
0.0013677
0.0014663
0.0025597
0.0042338
0.0085939
0.011708
0.012626
0.013563
0.014133
0.013099
0.013265
0.012901
0.015213
0.01532
0.015693
0.015942
0.016785
0.016659
0.017324
0.017008
0.017189
0.017483
0.017329
0.017851
0.017608
0.017468
0.017329
0.017279
0.017279
0.016982
0.016185
0.016185
0.016071
0.016086
0.015791
0.015503
0.015387
0.014931
0.014872
0.0065681
0.0039129
0.0013975
0.001677
0.00056707
0.00064421
0.0008506
0.00055899
0.00056707
0.00051537
0.00061094
0.00056707
0.00060227
0.0005671
0.0005671
0.00064421
0.00079469
0.00075284
0.0010258
0.0014876
0.0019245
0.0025174
0.0044399
0.0049424
0.0080957
0.012579
0.014907
0.015151
0.014821
0.013786
0.012147
0.012949
0.014044
0.015512
0.016129
0.016527
0.016446
0.017591
0.017597
0.017718
0.017485
0.017718
0.017736
0.017851
0.017622
0.017279
0.017279
0.016915
0.016802
0.016915
0.016461
0.016435
0.016193
0.016299
0.015843
0.015615
0.015553
0.015667
0.015562
0.014931
