0.013566
0.01379
0.014144
0.01437
0.012577
0.010344
0.0090301
0.009511
0.0073911
0.0051039
0.0018478
0.0011144
0.0007514
0.00084015
0.0014015
0.0011144
0.0011288
0.0016356
0.001411
0.0018342
0.0033863
0.0035274
0.0040918
0.00479
0.0051574
0.0050453
0.0061788
0.0074282
0.0078414
0.0086815
0.0084941
0.0084015
0.0084015
0.0079461
0.0082201
0.0083944
0.0083944
0.0089616
0.0093161
0.009116
0.010362
0.010412
0.010222
0.0099417
0.010642
0.010502
0.010222
0.0098017
0.010308
0.010412
0.010275
0.010222
0.010222
0.010726
0.010357
0.0098641
0.0098915
0.0094888
0.0088215
0.0089616
0.014239
0.0099909
0.0084093
0.0081835
0.0065479
0.0047362
0.0020633
0.00054296
0.00049165
0.00082201
0.00054801
0.00046732
0.00049274
0.00061457
0.00049274
0.00049274
0.00049274
0.00056062
0.0005877
0.00054801
0.00097733
0.0011202
0.00068501
0.00054016
0.00073748
0.00089694
0.0022067
0.004073
0.0059422
0.0069822
0.0071718
0.0074213
0.0076805
0.0074935
0.0076537
0.0080794
0.0089051
0.008481
0.0086412
0.0086412
0.0091791
0.0091016
0.0093161
0.0098017
0.0098017
0.0098017
0.010448
0.011005
0.011005
0.010587
0.010275
0.010275
0.010502
0.010138
0.010241
0.0095217
0.0093816
0.0092416
0.0089616
0.0083571
0.0077817
0.0070846
0.0035006
0.0023804
0.0005601
0.00058415
0.00049165
0.00049165
0.00043437
0.00061592
0.00042046
0.00036874
0.000411
0.00044847
0.00054801
0.00042329
0.00036874
0.00036874
0.00046732
0.00036955
0.00042046
0.00043232
0.00042046
0.00046732
0.00056059
0.0008604
0.001411
0.0012851
0.0020895
0.003644
0.0053259
0.006284
0.0063069
0.0067726
0.006773
0.0072833
0.0079401
0.0079013
0.0084657
0.0084657
0.0081475
0.0081835
0.0081123
0.0083944
0.0085178
0.0089616
0.010362
0.011342
0.01096
0.010726
0.010169
0.010082
0.0098734
0.010101
0.0096383
0.0091791
0.0090421
0.0089616
0.0085415
0.0077968
0.0047608
0.003644
0.0014002
0.00049165
0.000411
0.00042046
0.00042007
0.00036874
0.00032203
0.000411
0.00034911
0.00043232
0.00035049
0.00033101
0.00036955
0.00035049
0.0004179
0.000411
0.00036955
0.00037034
0.00034911
0.00032578
0.0004179
0.00036955
0.00042007
0.00042937
0.0005572
0.00073914
0.0012345
0.0019622
0.0035645
0.0037807
0.0044221
0.0040645
0.0043448
0.0059083
0.0066373
0.0069137
0.007145
0.0076378
0.0076537
0.0078841
0.0076191
0.0080424
0.0085178
0.0085178
0.0087647
0.0090116
0.008604
0.0096969
0.0086068
0.0082352
0.0082709
0.0081305
0.0079445
0.0079013
0.0079013
0.0080073
0.0078838
0.0077013
0.001918
0.0005877
0.00047016
0.00035049
0.0003241
0.00032578
0.0003241
0.00032578
0.00034911
0.000411
0.000411
0.00033635
0.00032578
0.00035262
0.00033101
0.00036874
0.0004179
0.00033945
0.00036957
0.00035049
0.00033635
0.00033945
0.00042046
0.00049379
0.00057642
0.00074068
0.0012801
0.0023762
0.0023366
0.003326
0.0029627
0.0030646
0.0040562
0.0033863
0.0040918
0.0052205
0.0060281
0.0066661
0.0070061
0.0072833
0.0076537
0.0077771
0.008024
0.0077771
0.0085001
0.0086233
0.0081123
0.008214
0.0067726
0.0079894
0.0079894
0.0078665
0.0080424
0.0080073
0.0075302
0.0076378
0.0078276
0.0078091
0.0075613
0.0076615
0.00043437
0.0003241
0.00035049
0.00042046
0.00032203
0.00036955
0.00036957
0.00032578
0.0004179
0.00037034
0.00036957
0.00034911
0.00032203
0.00034911
0.00036874
0.00033635
0.00036955
0.00035049
0.00055168
0.00096608
0.001971
0.0029627
0.0049953
0.005997
0.0061102
0.0063365
0.0073314
0.0081305
0.0077609
0.0077892
0.0072435
0.0067603
0.0062686
0.005321
0.0040737
0.0047608
0.0054068
0.0064848
0.0082534
0.0082614
0.0076191
0.0078841
0.0082352
0.0082709
0.0082709
0.0070612
0.0070612
0.0066289
0.0064471
0.0074282
0.0072053
0.0070612
0.0073494
0.0076191
0.0075302
0.0073494
0.0074977
0.007337
0.0067304
0.0079814
0.00035262
0.00036874
0.00042329
0.00036957
0.00035262
0.00042329
0.00043437
0.00046548
0.00042329
0.00046548
0.00042007
0.00042046
0.000411
0.00035049
0.00035049
0.00089694
0.0015696
0.0029385
0.0044441
0.0052124
0.006284
0.0077968
0.0087278
0.009426
0.010202
0.010571
0.010371
0.010528
0.010448
0.010523
0.010184
0.010237
0.010281
0.0095047
0.0089727
0.0081305
0.0068983
0.0062824
0.0069822
0.0076191
0.007215
0.007145
0.0073914
0.0077609
0.006773
0.006036
0.0060524
0.0065873
0.0067274
0.0068676
0.0074282
0.0073494
0.0068832
0.0068832
0.0068832
0.0071043
0.0075222
0.0074213
0.0069871
0.0070548
0.0004179
0.00042007
0.00042046
0.0004179
0.0005572
0.00055168
0.00056059
0.00044847
0.00056062
0.00054296
0.0005601
0.0006965
0.0009751
0.0014002
0.0029627
0.0047653
0.0055435
0.0064471
0.0075119
0.0088268
0.0092681
0.010571
0.011431
0.011677
0.011554
0.012107
0.011906
0.011548
0.011431
0.011315
0.011428
0.011461
0.011684
0.011648
0.011333
0.010976
0.010749
0.010297
0.0098442
0.0088791
0.0083787
0.0078841
0.0077606
0.0072682
0.0062824
0.0059083
0.0070077
0.007288
0.0072519
0.007288
0.0074282
0.007145
0.0070364
0.006913
0.0070548
0.0070548
0.007337
0.0070612
0.0069137
0.0081214
0.00033635
0.00043232
0.00043213
0.00042937
0.00053671
0.0005601
0.0005601
0.00061595
0.00070077
0.00098552
0.0014783
0.0022288
0.0026629
0.0043206
0.0055818
0.006407
0.0072813
0.007129
0.0084951
0.0098915
0.010482
0.011254
0.012137
0.013047
0.013126
0.013643
0.013209
0.012796
0.012574
0.012906
0.013242
0.013464
0.013383
0.013239
0.012786
0.012333
0.012137
0.011826
0.011548
0.010987
0.010976
0.010813
0.010398
0.010203
0.0092388
0.0079006
0.0072053
0.0070077
0.0070218
0.0068676
0.0068676
0.0068986
0.0066373
0.0067754
0.0067726
0.0071959
0.0069137
0.0064471
0.0064848
0.0072813
0.000411
0.00042046
0.00049274
0.00067891
0.00061457
0.00073914
0.00097733
0.001111
0.0015417
0.0028031
0.003699
0.004384
0.005601
0.0065144
0.0084088
0.0094178
0.0067603
0.006727
0.0087465
0.010693
0.011185
0.011216
0.012107
0.012786
0.014233
0.014233
0.013949
0.01402
0.01437
0.014823
0.015133
0.015049
0.015231
0.014783
0.014336
0.01344
0.012962
0.013152
0.013058
0.012333
0.012452
0.012168
0.011974
0.011604
0.01166
0.011457
0.010471
0.0085788
0.0072519
0.0065873
0.0066373
0.0066373
0.0066661
0.0066661
0.0063406
0.0064848
0.0067895
0.0056201
0.005926
0.005926
0.00053671
0.00057642
0.00058415
0.00061595
0.0012319
0.0018461
0.0017285
0.0028089
0.0040645
0.0047608
0.0061723
0.0065822
0.0081781
0.0097095
0.010091
0.0075351
0.004691
0.0087357
0.011696
0.011997
0.011984
0.011333
0.011087
0.010803
0.013209
0.013889
0.014123
0.015184
0.015925
0.01658
0.01693
0.016973
0.017023
0.016463
0.016243
0.015455
0.015007
0.014258
0.01392
0.013691
0.013499
0.013181
0.012908
0.012501
0.012219
0.012196
0.011826
0.011457
0.010717
0.0084702
0.0068986
0.0061457
0.0062686
0.0061668
0.0057899
0.0064647
0.006913
0.0067895
0.0061965
0.0060671
0.00054296
0.00070548
0.00086233
0.001971
0.0022804
0.0025762
0.0036731
0.005466
0.006913
0.0078187
0.008604
0.0093464
0.010693
0.010905
0.01003
0.0041139
0.0077013
0.012592
0.013118
0.013342
0.013012
0.011579
0.0091128
0.0077286
0.0098757
0.012345
0.01432
0.015801
0.017378
0.018499
0.018848
0.018815
0.019028
0.018583
0.018641
0.017783
0.017239
0.016258
0.015502
0.015049
0.014627
0.013889
0.013776
0.013006
0.012783
0.012812
0.012799
0.012072
0.011772
0.011284
0.010461
0.0064848
0.0057769
0.0050794
0.0056201
0.0063493
0.0063406
0.0064904
0.0061965
0.005466
0.0005601
0.0011087
0.0020942
0.0025228
0.003133
0.0049383
0.0063069
0.0079273
0.0089928
0.009956
0.011087
0.011572
0.011585
0.011428
0.0070614
0.0044798
0.013909
0.01466
0.015024
0.014483
0.01324
0.0096707
0.0045675
0.0039421
0.0065168
0.010875
0.013669
0.016246
0.018499
0.02063
0.021603
0.021756
0.022124
0.022124
0.021029
0.019918
0.019201
0.018355
0.017543
0.016754
0.016294
0.015925
0.015398
0.01469
0.014167
0.013643
0.0134
0.013118
0.012602
0.012073
0.011519
0.010579
0.008158
0.005654
0.0053319
0.0055027
0.0056062
0.0057899
0.005466
0.0050437
0.00086874
0.001971
0.0031129
0.0037811
0.0053209
0.006482
0.0081475
0.0094856
0.010693
0.011431
0.01215
0.011884
0.012319
0.011508
0.0045237
0.0075351
0.015868
0.017042
0.015578
0.015557
0.012452
0.0079258
0.0019783
0.0030272
0.0061664
0.0089694
0.011768
0.015655
0.019151
0.021302
0.022198
0.023283
0.023384
0.023524
0.022824
0.022288
0.021163
0.020573
0.019902
0.018896
0.018217
0.017572
0.016525
0.016219
0.014895
0.014675
0.01443
0.013571
0.01323
0.012893
0.012137
0.011284
0.010344
0.0090506
0.0059083
0.0057849
0.0051857
0.005476
0.0057595
0.0052969
0.0014015
0.0031129
0.0045084
0.0060524
0.0065873
0.0089928
0.010412
0.011342
0.012673
0.012929
0.013058
0.013566
0.01344
0.0088477
0.0043031
0.0095424
0.018316
0.01864
0.01737
0.016716
0.013072
0.0051856
0.0050794
0.0092585
0.0098552
0.011371
0.012981
0.015921
0.019263
0.020966
0.022576
0.023281
0.02382
0.023612
0.023391
0.023354
0.022985
0.022124
0.021279
0.021023
0.019801
0.018647
0.017764
0.017154
0.016369
0.015921
0.015136
0.014815
0.014344
0.013703
0.013282
0.012107
0.011055
0.010461
0.0092304
0.0063472
0.0062082
0.005741
0.005601
0.0058238
0.0022687
0.004658
0.0067212
0.0080424
0.0089152
0.009939
0.010911
0.013047
0.014209
0.014243
0.014785
0.016257
0.014111
0.0076805
0.0075028
0.011005
0.01986
0.018968
0.018783
0.018602
0.012699
0.0048144
0.0084568
0.010717
0.010138
0.015678
0.014692
0.017262
0.018805
0.021312
0.022782
0.023626
0.024392
0.024319
0.024566
0.024671
0.023944
0.023354
0.022425
0.021727
0.020941
0.019956
0.019088
0.018454
0.018154
0.017154
0.016661
0.015999
0.01552
0.01481
0.014351
0.012934
0.011579
0.011049
0.0098734
0.0091157
0.008253
0.0074553
0.0072053
0.0069822
0.0042329
0.0075146
0.0082201
0.0095945
0.010594
0.011949
0.013181
0.014348
0.015399
0.015892
0.016437
0.017049
0.013949
0.0093123
0.0083453
0.012801
0.019584
0.020463
0.020182
0.019902
0.011949
0.0025703
0.0020942
0.003836
0.0067762
0.011684
0.015245
0.017643
0.01925
0.021847
0.022803
0.02339
0.024534
0.024829
0.024885
0.024656
0.024274
0.0236
0.023155
0.022399
0.022097
0.021303
0.020522
0.019543
0.018536
0.017688
0.017106
0.016508
0.017073
0.016118
0.015029
0.014073
0.01266
0.011457
0.010642
0.0097558
0.0084997
0.0081757
0.0071215
0.0073314
0.0074213
0.0084973
0.010549
0.011451
0.013175
0.014813
0.015136
0.016109
0.016351
0.016665
0.017136
0.017609
0.016959
0.0095945
0.0078486
0.011637
0.018583
0.019277
0.020334
0.020031
0.01222
0.001232
0.0013521
0.00097733
0.0017282
0.011637
0.015472
0.017991
0.019236
0.02173
0.022215
0.023132
0.02446
0.024706
0.025036
0.025088
0.024409
0.023943
0.023623
0.023256
0.022543
0.02211
0.020941
0.020363
0.01934
0.017985
0.016992
0.016109
0.015996
0.01614
0.015708
0.014799
0.014443
0.013328
0.011852
0.010931
0.010226
0.0086463
0.0074553
0.0075623
0.0093816
0.0103
0.012676
0.014156
0.015779
0.01618
0.016881
0.017456
0.017273
0.017783
0.018249
0.018805
0.018217
0.012557
0.0077235
0.01059
0.015578
0.018757
0.019394
0.020036
0.013239
0.00086233
0.00081781
0.00049165
0.0013551
0.0099433
0.014575
0.018026
0.019481
0.02168
0.021964
0.023274
0.024378
0.025064
0.025119
0.025002
0.024706
0.023838
0.022999
0.022857
0.02263
0.021761
0.02151
0.020819
0.019587
0.018331
0.016818
0.015921
0.015679
0.015963
0.016103
0.015136
0.015116
0.014243
0.012801
0.011728
0.010939
0.0098557
0.0089046
0.0079888
0.010493
0.012096
0.013889
0.015912
0.017134
0.018026
0.019094
0.019655
0.019151
0.019473
0.020304
0.019902
0.019317
0.016367
0.0074068
0.0093161
0.01224
0.018387
0.018805
0.018459
0.015275
0.0022575
0.001471
0.0030044
0.007145
0.014584
0.014703
0.017693
0.019201
0.021163
0.022423
0.024112
0.024364
0.024112
0.023838
0.023975
0.024022
0.023263
0.021921
0.022064
0.021951
0.021921
0.021233
0.020369
0.019751
0.018503
0.017425
0.016408
0.01571
0.015565
0.015855
0.015275
0.015449
0.014336
0.013579
0.012597
0.0121
0.011055
0.010015
0.0091837
0.011673
0.013635
0.01575
0.017862
0.018927
0.020047
0.020864
0.020947
0.020739
0.020687
0.021646
0.021167
0.020016
0.018623
0.0092304
0.010823
0.0095695
0.017919
0.018619
0.018255
0.01797
0.009732
0.0070098
0.015772
0.015963
0.015557
0.015978
0.017804
0.020584
0.021724
0.022845
0.023563
0.023633
0.023083
0.022684
0.022964
0.02139
0.019644
0.018694
0.020459
0.020719
0.021264
0.021303
0.020743
0.020181
0.01864
0.017878
0.016575
0.01392
0.012796
0.013465
0.014551
0.015125
0.014551
0.013574
0.012908
0.012034
0.011782
0.010863
0.009978
0.012962
0.015697
0.017525
0.019834
0.020181
0.021055
0.021839
0.022032
0.021412
0.021704
0.022194
0.022048
0.021452
0.019753
0.012249
0.012109
0.0099034
0.017136
0.01955
0.019462
0.018444
0.015954
0.0092296
0.0091218
0.01046
0.013786
0.017293
0.019612
0.021305
0.023124
0.023403
0.022605
0.021846
0.021783
0.020864
0.019011
0.015133
0.013687
0.014384
0.01686
0.017652
0.020586
0.020707
0.020616
0.019628
0.018736
0.017693
0.014895
0.011294
0.0095217
0.011528
0.013234
0.013798
0.013673
0.013595
0.013239
0.012748
0.012322
0.011384
0.010794
0.015045
0.017739
0.018971
0.02008
0.021284
0.022032
0.022427
0.022692
0.023384
0.023652
0.022964
0.023041
0.022684
0.022004
0.017355
0.014105
0.010864
0.017247
0.019139
0.019894
0.019807
0.019022
0.015772
0.011548
0.010682
0.016691
0.019022
0.02176
0.022315
0.021783
0.0206
0.020318
0.020191
0.019587
0.01781
0.014277
0.012669
0.012532
0.013118
0.014599
0.017212
0.020271
0.020367
0.019915
0.019396
0.018026
0.016015
0.011913
0.008796
0.0060752
0.0069822
0.010952
0.011782
0.01264
0.012786
0.013968
0.013791
0.013085
0.012578
0.011881
0.015697
0.01864
0.018591
0.020942
0.022051
0.022544
0.023384
0.023208
0.023664
0.023782
0.023084
0.023354
0.023422
0.023256
0.021055
0.014555
0.013552
0.017136
0.018917
0.01931
0.019894
0.01986
0.018426
0.01659
0.01925
0.021275
0.021434
0.021878
0.020249
0.018619
0.018201
0.017715
0.016992
0.015399
0.012923
0.011826
0.012799
0.013175
0.012345
0.012955
0.016127
0.018836
0.019198
0.019575
0.018783
0.017827
0.017312
0.0096707
0.0055311
0.0049953
0.0042007
0.0078091
0.010549
0.011648
0.012322
0.013888
0.014699
0.01437
0.014266
0.013258
0.016289
0.01934
0.019218
0.021627
0.022087
0.022964
0.023367
0.023702
0.023944
0.023507
0.024084
0.023631
0.023535
0.02314
0.02179
0.019599
0.017631
0.016995
0.018367
0.018367
0.019022
0.019039
0.019454
0.020933
0.02263
0.021639
0.020288
0.018499
0.016874
0.016257
0.01561
0.014895
0.013964
0.012193
0.010702
0.011817
0.012221
0.012838
0.012705
0.011884
0.014351
0.016771
0.018591
0.018026
0.017991
0.017538
0.015615
0.0079888
0.0051524
0.0045609
0.0031544
0.0048042
0.0084015
0.010528
0.011728
0.013357
0.015323
0.015152
0.014253
0.014351
0.016572
0.019094
0.019956
0.021142
0.022477
0.023071
0.023384
0.023681
0.023944
0.024319
0.024249
0.024554
0.024751
0.024369
0.024146
0.022811
0.021065
0.020159
0.020164
0.018479
0.017359
0.017991
0.018104
0.018483
0.018878
0.018503
0.016818
0.015417
0.014663
0.014381
0.014013
0.013383
0.012474
0.012221
0.011994
0.012578
0.012893
0.012684
0.0089371
0.0091016
0.011343
0.014928
0.017023
0.017433
0.017538
0.01652
0.013465
0.0087126
0.0056062
0.0043057
0.0040319
0.0050148
0.0081835
0.0091016
0.011837
0.012467
0.015823
0.016572
0.015276
0.015248
0.017293
0.019258
0.020325
0.021603
0.022344
0.023038
0.023743
0.023813
0.024438
0.024797
0.024936
0.024924
0.025087
0.025423
0.025346
0.02448
0.02359
0.022173
0.021727
0.021159
0.019935
0.01971
0.019094
0.017615
0.017827
0.01655
0.015238
0.014012
0.013546
0.013315
0.013122
0.012899
0.013085
0.013579
0.01475
0.015768
0.015226
0.01233
0.010412
0.007514
0.013797
0.014224
0.01747
0.016992
0.017631
0.015728
0.011768
0.0097523
0.0069511
0.0045622
0.0056667
0.0072053
0.0087904
0.012219
0.01331
0.011913
0.015529
0.017291
0.016959
0.015963
0.017293
0.01934
0.020695
0.021804
0.022847
0.023295
0.023722
0.024035
0.024249
0.024638
0.02489
0.025623
0.025623
0.025397
0.025572
0.025087
0.024637
0.023507
0.02317
0.022739
0.022255
0.021727
0.021558
0.020338
0.018763
0.017149
0.015419
0.01469
0.014956
0.014504
0.014081
0.01443
0.015554
0.017985
0.018355
0.019957
0.018517
0.016294
0.013239
0.0097229
0.016205
0.017471
0.019039
0.020023
0.018647
0.017783
0.011541
0.010091
0.007288
0.0045084
0.0077784
0.0081781
0.0094632
0.011728
0.0137
0.011994
0.01781
0.01918
0.019394
0.018231
0.017919
0.019644
0.020941
0.022113
0.022795
0.023519
0.023943
0.024448
0.024784
0.024268
0.025156
0.025631
0.02587
0.026047
0.02587
0.025586
0.024925
0.024213
0.023651
0.02382
0.023767
0.024079
0.024112
0.024213
0.022913
0.021184
0.018734
0.018446
0.0185
0.0185
0.019048
0.019628
0.020527
0.020882
0.022795
0.023777
0.023132
0.021864
0.016716
0.013582
0.013686
0.018647
0.0206
0.021296
0.020325
0.018763
0.013126
0.010369
0.0074929
0.0057862
0.0078864
0.0098108
0.010427
0.011005
0.013454
0.011913
0.019151
0.019751
0.019644
0.018924
0.01859
0.020095
0.021174
0.022511
0.023119
0.023354
0.023978
0.024303
0.024448
0.024936
0.025208
0.025624
0.025993
0.026329
0.02617
0.025795
0.025235
0.024703
0.024386
0.024053
0.024903
0.025346
0.025834
0.025566
0.025208
0.023281
0.022174
0.021004
0.020756
0.021704
0.022051
0.02237
0.022293
0.022293
0.022716
0.022913
0.023208
0.022425
0.018757
0.015462
0.013465
0.019833
0.021039
0.020862
0.01992
0.017878
0.013804
0.011511
0.0092502
0.0072436
0.0081025
0.010237
0.0099302
0.011404
0.013454
0.011353
0.019599
0.019297
0.019277
0.019762
0.018632
0.020819
0.02138
0.022296
0.023263
0.023615
0.023937
0.024683
0.024787
0.025007
0.025011
0.025519
0.025993
0.026406
0.026304
0.0258
0.025423
0.025002
0.024523
0.024656
0.024796
0.025482
0.026083
0.026426
0.0258
0.024319
0.023231
0.022567
0.022264
0.022567
0.022147
0.022174
0.022011
0.021727
0.023652
0.024145
0.023972
0.022471
0.01815
0.017106
0.016226
0.019956
0.021372
0.021184
0.020002
0.018763
0.013162
0.010968
0.0089694
0.0077108
0.0087357
0.011773
0.01004
0.012688
0.012781
0.011913
0.019711
0.019887
0.020334
0.020334
0.01931
0.021163
0.022048
0.022685
0.023256
0.02389
0.024184
0.024796
0.024523
0.025007
0.025193
0.025547
0.025977
0.026192
0.026364
0.025762
0.025333
0.025154
0.024566
0.024474
0.024644
0.025074
0.025818
0.026084
0.024884
0.023966
0.022864
0.02187
0.021313
0.021633
0.021387
0.021063
0.021039
0.021284
0.022685
0.023623
0.023084
0.021392
0.019505
0.018301
0.019139
0.02181
0.023041
0.022434
0.021078
0.020139
0.013126
0.011076
0.0096608
0.0076805
0.0080637
0.011906
0.010091
0.012557
0.013266
0.013315
0.019711
0.020607
0.020395
0.020741
0.019043
0.021356
0.02187
0.023022
0.023599
0.023722
0.024213
0.024384
0.024829
0.024903
0.025193
0.025496
0.026084
0.026207
0.026279
0.025586
0.024689
0.024329
0.024438
0.024091
0.024325
0.024644
0.025156
0.024935
0.023501
0.022543
0.022011
0.021931
0.020864
0.021034
0.020958
0.020249
0.020016
0.019956
0.020502
0.021499
0.021847
0.018906
0.015943
0.013862
0.018336
0.021587
0.022757
0.022576
0.022005
0.021683
0.015502
0.011353
0.007514
0.0068659
0.0090717
0.011371
0.012267
0.014392
0.014921
0.015679
0.020271
0.02009
0.020177
0.020633
0.018226
0.021023
0.021804
0.022705
0.023501
0.023776
0.024214
0.024247
0.024801
0.025011
0.025172
0.025423
0.026036
0.025788
0.025703
0.024391
0.022404
0.02295
0.023083
0.022742
0.023016
0.022913
0.023599
0.024084
0.023986
0.022311
0.02187
0.021927
0.022039
0.021729
0.021557
0.020695
0.02008
0.019419
0.019419
0.019473
0.020365
0.018336
0.013034
0.0089597
0.016615
0.019394
0.021607
0.021879
0.022343
0.021936
0.015403
0.011185
0.0064471
0.0070634
0.0095054
0.010138
0.012442
0.014766
0.016101
0.017023
0.020383
0.019998
0.02009
0.019438
0.018693
0.021164
0.02248
0.023274
0.023769
0.024515
0.024523
0.024903
0.025172
0.024787
0.025085
0.02528
0.02582
0.025928
0.024067
0.021904
0.020607
0.022124
0.021921
0.021984
0.021328
0.022002
0.022769
0.02314
0.023623
0.024583
0.024523
0.023875
0.023443
0.023057
0.02237
0.022795
0.022039
0.01971
0.01827
0.01934
0.019986
0.019462
0.017615
0.013122
0.017471
0.021167
0.02222
0.021576
0.022398
0.022087
0.017223
0.0095873
0.0059038
0.0066242
0.008889
0.0090815
0.013351
0.015007
0.016421
0.018367
0.020495
0.019751
0.019112
0.020016
0.018226
0.021023
0.021847
0.023546
0.024354
0.024667
0.024947
0.025389
0.02543
0.02543
0.025064
0.025085
0.025193
0.024581
0.022493
0.018693
0.019781
0.020919
0.021272
0.021719
0.021499
0.021284
0.021612
0.021588
0.020819
0.023036
0.024498
0.024848
0.024903
0.024554
0.024554
0.024542
0.024091
0.022471
0.019912
0.018104
0.018678
0.019429
0.018366
0.01827
0.019463
0.022879
0.023406
0.023119
0.023651
0.022872
0.019883
0.013012
0.0094461
0.0076721
0.0068612
0.010091
0.014248
0.01644
0.017282
0.019151
0.020159
0.01942
0.019309
0.019887
0.016911
0.019833
0.021497
0.023804
0.024523
0.024956
0.025228
0.025869
0.026094
0.026047
0.024903
0.024796
0.025085
0.023293
0.020459
0.015024
0.01836
0.019918
0.020707
0.021435
0.020743
0.019258
0.017749
0.014015
0.013512
0.018734
0.021564
0.024099
0.025118
0.025469
0.025628
0.025519
0.025193
0.024903
0.022743
0.020526
0.018437
0.018903
0.018108
0.019667
0.022057
0.024163
0.023949
0.023983
0.023898
0.022913
0.021704
0.019462
0.010123
0.0066864
0.0071412
0.014368
0.016988
0.017592
0.017926
0.019198
0.020047
0.020081
0.020249
0.01955
0.016463
0.019159
0.021704
0.023401
0.024666
0.025376
0.025553
0.026053
0.025993
0.026239
0.026171
0.024903
0.024542
0.019446
0.014411
0.015809
0.018852
0.019028
0.021063
0.019349
0.020203
0.01934
0.015188
0.010875
0.0096288
0.013828
0.018463
0.02181
0.023545
0.025604
0.026116
0.026304
0.025992
0.02582
0.025115
0.023649
0.021725
0.020199
0.020562
0.02151
0.023767
0.024778
0.024566
0.024554
0.024392
0.023347
0.021951
0.019061
0.015994
0.010151
0.011593
0.016531
0.018895
0.018787
0.019667
0.019918
0.019599
0.019622
0.019801
0.019048
0.015644
0.019454
0.02173
0.023406
0.024442
0.025338
0.0255
0.025718
0.026404
0.02691
0.027158
0.025675
0.023623
0.014012
0.0092857
0.016219
0.019201
0.020633
0.01955
0.018724
0.019512
0.012537
0.0082691
0.01222
0.014368
0.015207
0.016423
0.020182
0.023183
0.024084
0.02587
0.02636
0.026514
0.025993
0.025624
0.025183
0.024301
0.023016
0.022565
0.022333
0.022477
0.025011
0.025183
0.025267
0.024644
0.023529
0.022431
0.019978
0.016789
0.015207
0.01331
0.018921
0.019061
0.019971
0.01975
0.019584
0.01955
0.019151
0.019349
0.018785
0.014043
0.018764
0.021263
0.022665
0.023833
0.024825
0.025002
0.025377
0.026181
0.026349
0.027034
0.026011
0.023196
0.012319
0.0080117
0.014703
0.01925
0.020191
0.018968
0.01916
0.01933
0.0044395
0.0031393
0.0032206
0.0085001
0.014843
0.015887
0.019751
0.022579
0.024523
0.024935
0.02582
0.025993
0.026084
0.026252
0.025992
0.025377
0.024637
0.024249
0.023743
0.023701
0.024689
0.025118
0.025071
0.024671
0.023723
0.022666
0.020369
0.018847
0.017715
0.017135
0.019341
0.020042
0.020249
0.020036
0.019236
0.018736
0.018968
0.018619
0.016853
0.013635
0.016999
0.019751
0.022002
0.022616
0.024021
0.024666
0.024829
0.024807
0.02502
0.025622
0.026123
0.022743
0.010164
0.0065098
0.013427
0.020271
0.021184
0.019217
0.019744
0.013258
0.00098548
0.0013031
0.0011202
0.0040737
0.0117
0.015557
0.019872
0.022913
0.023767
0.025353
0.025762
0.026116
0.026468
0.026468
0.02636
0.025977
0.025655
0.025197
0.025074
0.025197
0.025172
0.025183
0.024689
0.024551
0.023405
0.022568
0.021503
0.020616
0.01977
0.01931
0.019667
0.019823
0.020031
0.019807
0.019151
0.018736
0.018104
0.017134
0.01475
0.012811
0.015868
0.017875
0.020047
0.021146
0.022568
0.023743
0.024301
0.02476
0.023949
0.024415
0.024903
0.02168
0.0096588
0.0062984
0.015449
0.021745
0.021639
0.020302
0.020862
0.010863
0.0022804
0.0014411
0.00054296
0.0026808
0.010091
0.016881
0.020824
0.023084
0.023899
0.024936
0.025736
0.025954
0.026171
0.026979
0.026576
0.026299
0.026047
0.0258
0.02543
0.025677
0.025204
0.02543
0.024924
0.024195
0.023405
0.022178
0.021844
0.021761
0.021391
0.020404
0.020036
0.02009
0.019823
0.019434
0.018968
0.018446
0.017067
0.014627
0.013974
0.011357
0.013826
0.016137
0.018459
0.019912
0.021804
0.02339
0.0236
0.023993
0.023743
0.023529
0.02383
0.02048
0.008214
0.0069137
0.018478
0.02297
0.02205
0.021626
0.021761
0.014043
0.0031129
0.0023406
0.0030272
0.0034492
0.013632
0.019462
0.021838
0.023239
0.024091
0.02513
0.025655
0.026388
0.026608
0.026822
0.026605
0.026252
0.026144
0.025977
0.025912
0.02544
0.025199
0.024796
0.024554
0.024386
0.023263
0.022625
0.022178
0.022067
0.021405
0.020743
0.0206
0.020031
0.019473
0.019166
0.018331
0.017273
0.015557
0.01569
0.013888
0.0082877
0.011089
0.014448
0.0179
0.018602
0.020922
0.022568
0.022899
0.023405
0.023563
0.023186
0.023881
0.021497
0.0086412
0.0083855
0.018601
0.023615
0.023335
0.02329
0.022789
0.015696
0.0050542
0.0085681
0.010642
0.014843
0.01925
0.020697
0.022619
0.02389
0.02476
0.025553
0.025869
0.026211
0.026406
0.026605
0.026931
0.026918
0.026426
0.026036
0.025977
0.025369
0.025037
0.024554
0.024329
0.023875
0.023443
0.023057
0.022511
0.022291
0.021736
0.021142
0.020586
0.019622
0.019028
0.018471
0.017552
0.015994
0.015633
0.014112
0.015022
0.0066661
0.0088881
0.011541
0.014567
0.017363
0.01971
0.020649
0.021167
0.022124
0.023208
0.023282
0.023011
0.023036
0.012934
0.0099302
0.018647
0.024213
0.023551
0.023673
0.022803
0.019284
0.0073924
0.0059899
0.014314
0.017214
0.018138
0.021279
0.02276
0.024084
0.025411
0.025469
0.026062
0.026672
0.026564
0.026822
0.026701
0.026701
0.026467
0.026039
0.025787
0.025675
0.025225
0.024217
0.024415
0.023943
0.023281
0.022706
0.022311
0.02201
0.021592
0.021063
0.020365
0.019711
0.018805
0.018217
0.01588
0.015803
0.014354
0.014766
0.014703
0.0035262
0.0072875
0.008796
0.011371
0.014895
0.017947
0.019751
0.020271
0.021387
0.02237
0.022912
0.022625
0.021164
0.013058
0.0093123
0.016881
0.024268
0.023565
0.02313
0.022619
0.019529
0.0089694
0.0035049
0.0098557
0.013563
0.017918
0.020633
0.022399
0.024605
0.025718
0.02617
0.026855
0.026609
0.026811
0.026918
0.026908
0.026606
0.026167
0.025762
0.025346
0.025156
0.024903
0.024319
0.023813
0.023535
0.023281
0.022824
0.022288
0.021719
0.021391
0.020947
0.020363
0.019641
0.018157
0.01679
0.015803
0.013837
0.012398
0.013152
0.012604
0.00096608
0.003475
0.0074935
0.0088477
0.010976
0.015007
0.018764
0.019875
0.020203
0.020584
0.021564
0.022048
0.021303
0.015245
0.0098108
0.014226
0.023335
0.023282
0.022215
0.021863
0.019894
0.01481
0.0076401
0.0057849
0.011993
0.017158
0.019981
0.022542
0.024796
0.025519
0.026404
0.026998
0.026811
0.02702
0.026468
0.026485
0.026115
0.025553
0.025306
0.024667
0.024392
0.023972
0.023704
0.023266
0.023183
0.022769
0.022471
0.021626
0.02085
0.020714
0.020319
0.019695
0.018527
0.016961
0.013978
0.013319
0.013282
0.012442
0.0075811
0.0058839
0.00056438
0.0011945
0.0032096
0.0066289
0.0084266
0.010976
0.013691
0.017688
0.018806
0.019728
0.020958
0.021627
0.021065
0.018896
0.012783
0.0095424
0.019823
0.022174
0.021725
0.022327
0.020854
0.017378
0.013126
0.010297
0.014956
0.018787
0.020831
0.022899
0.024418
0.025369
0.02648
0.026609
0.02636
0.026084
0.025977
0.02591
0.025631
0.024761
0.024515
0.023899
0.023631
0.023406
0.022857
0.022425
0.021984
0.021931
0.021499
0.021074
0.020919
0.020252
0.019742
0.018906
0.017214
0.013442
0.0094632
0.0083453
0.012681
0.012474
0.0082352
0.0083944
0.00043437
0.00056576
0.00074068
0.0019039
0.0042997
0.0067603
0.0094644
0.013521
0.015856
0.01856
0.019322
0.019629
0.019277
0.018895
0.014599
0.0098734
0.012666
0.020649
0.020527
0.021295
0.020477
0.019172
0.017425
0.01633
0.018763
0.020741
0.022435
0.022985
0.023804
0.024885
0.02544
0.025604
0.025736
0.025388
0.025353
0.024935
0.024605
0.023309
0.023196
0.023145
0.022649
0.022544
0.021936
0.021312
0.021067
0.020862
0.020714
0.020598
0.020444
0.019807
0.018907
0.015963
0.013332
0.012838
0.01084
0.010963
0.012219
0.012137
0.0099677
0.010237
0.00043232
0.00043232
0.00049276
0.0008604
0.0011062
0.0017293
0.0040319
0.0055818
0.0088697
0.013029
0.01663
0.018248
0.018571
0.018084
0.017804
0.013571
0.011404
0.017659
0.018971
0.019789
0.020198
0.019957
0.01933
0.020252
0.021279
0.02176
0.022247
0.022423
0.023208
0.023335
0.024145
0.024651
0.024517
0.024384
0.024268
0.023673
0.023563
0.022879
0.022178
0.022067
0.021576
0.021174
0.020882
0.020573
0.020307
0.020002
0.019751
0.019887
0.019166
0.017177
0.014954
0.013837
0.012962
0.013987
0.013517
0.013651
0.013047
0.011806
0.013118
0.013114
0.00042007
0.0005601
0.00049165
0.00042329
0.00043232
0.00055168
0.00065156
0.0011062
0.0016015
0.0044293
0.0078074
0.015487
0.016754
0.017278
0.018154
0.016926
0.014002
0.013461
0.01794
0.019011
0.019751
0.01918
0.019575
0.02048
0.021626
0.022097
0.021973
0.021931
0.02279
0.022344
0.02279
0.023196
0.023422
0.023309
0.023083
0.022434
0.022152
0.021904
0.021446
0.020947
0.020526
0.020002
0.019834
0.019899
0.019122
0.018892
0.017497
0.016573
0.015131
0.013968
0.014856
0.013978
0.014423
0.014069
0.014239
0.013903
0.014351
0.014105
0.014031
0.013909
0.00056062
0.00058185
0.00056438
0.00057642
0.00049165
0.00055168
0.00042046
0.00049165
0.00061457
0.0006482
0.0013521
0.0041866
0.0088442
0.011974
0.01481
0.016356
0.016481
0.016418
0.017266
0.018394
0.019218
0.019004
0.019655
0.020502
0.020862
0.021157
0.020616
0.020739
0.021529
0.021392
0.021725
0.021435
0.021503
0.021951
0.021615
0.021055
0.020607
0.020751
0.019547
0.018785
0.017926
0.017711
0.017389
0.015887
0.016338
0.016808
0.016137
0.016473
0.016137
0.015578
0.014766
0.014336
0.014799
0.014483
0.014796
0.014336
0.014031
0.014031
0.013804
0.014575
0.00056062
0.0005601
0.00046732
0.00054801
0.00053671
0.00042007
0.00042937
0.00043213
0.00049165
0.00061592
0.00042007
0.00070524
0.0012929
0.0029093
0.0054313
0.010246
0.012107
0.015163
0.016926
0.017615
0.018147
0.019217
0.019107
0.020158
0.020276
0.020002
0.019971
0.020177
0.020099
0.019982
0.020276
0.020633
0.020824
0.020633
0.019711
0.018917
0.018157
0.017581
0.015683
0.014928
0.014954
0.015633
0.015152
0.016221
0.016338
0.016573
0.015903
0.015116
0.014987
0.01536
0.014448
0.014555
0.014823
0.015133
0.014687
0.014197
0.014197
0.014243
0.014314
0.014413
0.00058185
0.00058415
0.00049274
0.00042007
0.00049274
0.00044134
0.00042046
0.00036874
0.00042046
0.000411
0.00042007
0.000411
0.00035049
0.0004179
0.00043437
0.001111
0.0018517
0.0033187
0.005877
0.0084863
0.010412
0.013987
0.01618
0.018355
0.018483
0.018483
0.018232
0.018355
0.018678
0.017875
0.017947
0.01781
0.017359
0.016135
0.014799
0.014423
0.013687
0.014336
0.01456
0.014112
0.014112
0.014354
0.014663
0.015029
0.014112
0.014936
0.015022
0.014823
0.014783
0.015007
0.01456
0.014671
0.015007
0.014911
0.014783
0.014454
0.014112
0.014127
0.014132
0.014381
0.00056438
0.00049274
0.0005572
0.00047016
0.00047016
0.00043437
0.00042007
0.00042046
0.00043437
0.00036955
0.00043213
0.00036955
0.00036955
0.0004179
0.00042937
0.00042937
0.00036955
0.00042007
0.00049276
0.00098552
0.0022804
0.0039093
0.0034495
0.0054203
0.0064059
0.0078841
0.0083769
0.010515
0.0097437
0.011648
0.013798
0.012258
0.012742
0.011234
0.011283
0.012577
0.011062
0.011852
0.013234
0.014282
0.014013
0.013902
0.01471
0.014823
0.01471
0.015029
0.015343
0.015119
0.015455
0.015305
0.015007
0.014783
0.014783
0.015007
0.014895
0.014782
0.014123
0.014659
0.01434
0.014336
0.00061457
0.0006965
0.00054801
0.00043213
0.00043437
0.00044847
0.00043213
0.00042937
0.00044134
0.00035262
0.00037034
0.00043213
0.00036874
0.00036957
0.00034911
0.0004179
0.00036957
0.00037034
0.00046548
0.00049274
0.00054801
0.00073748
0.0008604
0.0011528
0.0020395
0.0020175
0.0031041
0.0039004
0.006529
0.0078841
0.0088215
0.0085286
0.0091681
0.010101
0.010822
0.011974
0.012345
0.013521
0.014782
0.015305
0.014905
0.015275
0.015389
0.01571
0.015868
0.015567
0.015275
0.015447
0.015889
0.01575
0.015188
0.015029
0.014823
0.015071
0.014837
0.01481
0.01437
0.014136
0.014336
0.01456
0.00084093
0.00072053
0.00072053
0.00056059
0.00043232
0.00044847
0.00042937
0.00043213
0.00042937
0.000411
0.000411
0.00042007
0.00034911
0.00036957
0.00042329
0.00042007
0.0004179
0.00036957
0.00043232
0.00043437
0.00043437
0.00046548
0.00053671
0.0005572
0.00084093
0.0011637
0.0019783
0.003142
0.0061121
0.0099909
0.01084
0.011456
0.011144
0.011696
0.013398
0.01323
0.01506
0.01506
0.015344
0.015615
0.015275
0.01575
0.015633
0.015633
0.015868
0.015903
0.016176
0.016023
0.016103
0.016033
0.016469
0.015999
0.01536
0.014954
0.014659
0.014928
0.014483
0.014454
0.014454
0.014785
0.0014105
0.0011754
0.0011754
0.0011034
0.0005877
0.00049379
0.00044134
0.00047016
0.00042937
0.00043213
0.00044847
0.00042046
0.00036955
0.00043437
0.0004179
0.00046548
0.00044134
0.00042046
0.00054801
0.00046548
0.00056062
0.0005877
0.00056059
0.00061457
0.00078482
0.0018203
0.002979
0.0066315
0.0097316
0.012689
0.013797
0.012275
0.012981
0.01369
0.014627
0.015398
0.015618
0.015868
0.015477
0.015399
0.014956
0.016123
0.015985
0.015697
0.015868
0.016258
0.016575
0.016357
0.016246
0.016181
0.016357
0.016181
0.016176
0.015594
0.015024
0.014721
0.014675
0.014663
0.014779
0.014575
0.0084629
0.0056419
0.0032911
0.001528
0.0014105
0.00094032
0.0008604
0.00058415
0.00042937
0.00044847
0.00042046
0.00044134
0.00042046
0.00044847
0.00042007
0.00054801
0.00049165
0.00046548
0.0005601
0.00054801
0.0015203
0.0017208
0.0008604
0.00070077
0.0025602
0.0045084
0.0074929
0.0080296
0.013428
0.014873
0.014873
0.014995
0.015431
0.015554
0.016824
0.01659
0.015801
0.015768
0.015768
0.015557
0.015852
0.015697
0.016456
0.016538
0.016633
0.016691
0.016757
0.016926
0.016691
0.016469
0.01652
0.016351
0.01644
0.016176
0.015768
0.015398
0.015116
0.015045
0.015343
0.015343
0.012565
0.01215
0.011636
0.0085804
0.0042314
0.0032911
0.0024683
0.0017631
0.0011754
0.0017246
0.0015188
0.0010515
0.00070098
0.00070548
0.00069822
0.00056438
0.00056438
0.0012602
0.0024438
0.0030256
0.0041863
0.0092185
0.0089727
0.0077771
0.0073981
0.0083769
0.011711
0.01369
0.01569
0.01569
0.015912
0.01644
0.016023
0.015557
0.01506
0.015431
0.016246
0.015431
0.015184
0.015921
0.016802
0.016926
0.016914
0.017154
0.017199
0.017023
0.017023
0.017396
0.016707
0.016357
0.016641
0.016641
0.016407
0.016398
0.016103
0.015943
0.015455
0.015455
0.015305
0.015361
