0.013483
0.013398
0.01352
0.01351
0.013024
0.01217
0.0096341
0.0093249
0.0094789
0.0096912
0.0093948
0.0066055
0.0090957
0.0081958
0.0061128
0.0047693
0.0045886
0.0073
0.0082635
0.0080088
0.0081803
0.0085059
0.0083941
0.0082691
0.0074461
0.0033824
0.0011929
0.0009801
0.0017174
0.0031229
0.0052054
0.0071488
0.0072973
0.0075863
0.0075211
0.0076135
0.0073693
0.0079812
0.0093364
0.009603
0.011091
0.011264
0.011353
0.011226
0.011782
0.011567
0.011458
0.01127
0.01141
0.01116
0.010366
0.010708
0.010663
0.010324
0.010355
0.010273
0.0098581
0.0085616
0.0096645
0.0098014
0.013558
0.013361
0.013595
0.012118
0.0088756
0.0082471
0.0082541
0.0067751
0.0066242
0.0062252
0.0015453
0.00054117
0.0015295
0.00092452
0.00083488
0.001009
0.0010649
0.0011511
0.0021197
0.002271
0.0015498
0.0016464
0.0031664
0.0023891
0.0012097
0.0004079
0.00054942
0.00092814
0.0021281
0.0033473
0.0039682
0.0042252
0.0061801
0.0067659
0.0058682
0.0068927
0.0069378
0.0066588
0.0074147
0.008461
0.0087037
0.0098592
0.011109
0.011394
0.011859
0.011732
0.011415
0.011168
0.010286
0.01035
0.0094351
0.0095557
0.0089242
0.0092643
0.010186
0.01048
0.0091455
0.0090014
0.010073
0.0099785
0.012618
0.012943
0.010252
0.0077732
0.0071711
0.0062935
0.0048637
0.0030969
0.0011127
0.000907
0.00050305
0.00044823
0.0003761
0.0003139
0.00037834
0.0003671
0.00046271
0.00048236
0.00047799
0.00041418
0.00038629
0.00046375
0.00038629
0.00048639
0.00058476
0.00058274
0.00077286
0.0014796
0.0020076
0.0028289
0.0032815
0.0043069
0.0058067
0.0065696
0.0061145
0.0053526
0.0062779
0.0061211
0.0067836
0.0074744
0.0083717
0.0085046
0.0089826
0.0097751
0.011582
0.011397
0.010487
0.010485
0.010167
0.009821
0.0090302
0.0085211
0.0085814
0.0084488
0.0091146
0.0096155
0.0084462
0.010048
0.0099107
0.0092665
0.010775
0.0085039
0.0067761
0.005937
0.003703
0.001168
0.00048656
0.00053789
0.00047084
0.000371
0.00041491
0.00036989
0.00035248
0.00034776
0.00033513
0.00042523
0.00038239
0.00037379
0.00044371
0.0003761
0.00036177
0.00038629
0.00036687
0.00055827
0.0006445
0.0005796
0.00071412
0.0012799
0.0022968
0.0034446
0.0045339
0.0051658
0.0058129
0.0066953
0.0058621
0.0055144
0.0053556
0.0057753
0.0065648
0.007358
0.0082851
0.0083675
0.0083675
0.0089543
0.0089172
0.0098386
0.010521
0.010298
0.010022
0.0095866
0.0084578
0.0079601
0.0079451
0.0078347
0.0075757
0.0078527
0.0083333
0.008912
0.0096668
0.0091631
0.0067563
0.0054596
0.0036744
0.0012939
0.00044733
0.00044144
0.00033669
0.000371
0.0003214
0.0003088
0.00035984
0.00030044
0.00034396
0.0003088
0.0003139
0.0003139
0.00030104
0.00031085
0.00031085
0.00033638
0.0003088
0.00034087
0.000451
0.0005319
0.00068173
0.0010146
0.0013253
0.0018802
0.0028745
0.0040383
0.0045301
0.0046971
0.0046945
0.0050713
0.0049774
0.004434
0.0047947
0.0055966
0.00562
0.0062212
0.007279
0.00729
0.0074405
0.00811
0.0084287
0.0082387
0.0080054
0.007787
0.0073965
0.007788
0.0070744
0.0073753
0.0075595
0.0073771
0.0072019
0.0077712
0.0080839
0.0083226
0.0081032
0.0072739
0.0034933
0.0013547
0.00037729
0.00029878
0.0003088
0.0003139
0.00030104
0.00034068
0.00033133
0.00033133
0.00035656
0.0003139
0.00041418
0.00035373
0.0003214
0.0003139
0.00033669
0.00040168
0.00040168
0.00038581
0.00047086
0.00089317
0.0017545
0.0027113
0.0048847
0.005815
0.0071729
0.0071096
0.008157
0.0082399
0.0080156
0.0078507
0.0073314
0.0066153
0.0058807
0.0049243
0.0051934
0.0056923
0.0057235
0.0062341
0.0073353
0.0082927
0.0080466
0.0077434
0.0077647
0.0077849
0.0071872
0.0069852
0.0066944
0.0070658
0.0072465
0.0069465
0.0074714
0.0070979
0.0068984
0.0062
0.0070562
0.0072136
0.0071309
0.0067958
0.0003139
0.00030646
0.0003139
0.00027291
0.0003088
0.00035373
0.00038629
0.000368
0.00032588
0.00036171
0.00045476
0.00037379
0.00037379
0.00031935
0.00040168
0.00033962
0.00044324
0.00039559
0.001125
0.0022614
0.003387
0.0050621
0.0058249
0.0079805
0.0084398
0.0091151
0.0096007
0.0099489
0.010214
0.010451
0.010229
0.010236
0.009976
0.0098441
0.0094732
0.009169
0.0087334
0.0076056
0.0071643
0.0069513
0.0068694
0.0073363
0.0074761
0.0068578
0.007455
0.0083437
0.0075246
0.0072878
0.0075624
0.0069238
0.0072046
0.0085805
0.0077007
0.0074991
0.0071593
0.0062326
0.0045826
0.0058071
0.0059189
0.0066087
0.00034798
0.00030342
0.0003139
0.00038239
0.00033513
0.00038629
0.00035271
0.000371
0.00038629
0.00042389
0.00048722
0.0004783
0.00045137
0.00038961
0.00053032
0.00082784
0.0015805
0.0027397
0.0043862
0.0066964
0.007714
0.0082613
0.0092364
0.010643
0.011086
0.011254
0.011691
0.011808
0.01159
0.011831
0.011746
0.011746
0.011627
0.011585
0.010998
0.010876
0.010527
0.010397
0.0099023
0.0089076
0.0081559
0.0075921
0.0071129
0.007078
0.0073393
0.007082
0.0071186
0.0072485
0.0067975
0.0069108
0.0077361
0.0074416
0.00813
0.0074068
0.0062769
0.0058288
0.0056641
0.004502
0.0049325
0.0052474
0.00030104
0.00036989
0.00038629
0.00044969
0.0004187
0.00043017
0.00038629
0.00039413
0.00057641
0.00061218
0.00055856
0.00061218
0.00098419
0.0021977
0.002333
0.0034619
0.0046661
0.0059653
0.0069774
0.0076502
0.0088975
0.0098323
0.010592
0.012006
0.01285
0.013797
0.013951
0.01332
0.01303
0.013148
0.013395
0.013789
0.013603
0.013438
0.013438
0.013069
0.012332
0.011478
0.011197
0.010784
0.010559
0.010267
0.010331
0.0099815
0.0090197
0.0074745
0.006359
0.0064648
0.0070221
0.0073536
0.0073832
0.0066079
0.0067279
0.0068326
0.0062455
0.0055889
0.0047976
0.0051671
0.004883
0.0048535
0.00031085
0.00038629
0.0004463
0.00045513
0.00045106
0.0004563
0.0005969
0.00053352
0.00073323
0.00077311
0.00075855
0.0019708
0.0035641
0.0042926
0.0047776
0.0056364
0.0067913
0.0065061
0.0068141
0.0088192
0.0098518
0.010817
0.011443
0.012131
0.013906
0.014691
0.015125
0.014494
0.014358
0.014775
0.015331
0.015599
0.015846
0.015525
0.015084
0.015088
0.014209
0.013284
0.012786
0.012443
0.011683
0.011935
0.011771
0.011358
0.011148
0.010757
0.0097881
0.0081142
0.0066858
0.0071366
0.0070259
0.0071311
0.0071146
0.0065722
0.0061032
0.0055388
0.0051783
0.0049761
0.0044599
0.0043806
0.0003088
0.00034396
0.00044963
0.00045513
0.00045827
0.00056603
0.00079245
0.0011333
0.0012394
0.001754
0.0027308
0.0042315
0.0048552
0.0054596
0.0071362
0.0082851
0.0068421
0.0055076
0.0076518
0.010842
0.011356
0.011477
0.011409
0.011277
0.01195
0.014583
0.014921
0.015154
0.015834
0.016584
0.017251
0.017656
0.017913
0.017583
0.01701
0.016694
0.015985
0.015131
0.014663
0.014186
0.013414
0.013142
0.013074
0.01242
0.012206
0.011992
0.01164
0.011265
0.010113
0.0070799
0.007066
0.006948
0.0074865
0.0075899
0.0071175
0.0062185
0.0054242
0.0045248
0.0042399
0.0043001
0.0003139
0.00033898
0.00047066
0.00048722
0.0010497
0.002039
0.002039
0.0023142
0.0030727
0.0045243
0.0052322
0.0056889
0.0077706
0.0093934
0.01001
0.0093401
0.0057387
0.0068037
0.01159
0.012548
0.012677
0.011987
0.010707
0.0090693
0.0087991
0.011638
0.01365
0.015484
0.016642
0.017596
0.019053
0.01922
0.019819
0.019497
0.019183
0.018554
0.017916
0.017286
0.016495
0.015915
0.015322
0.014617
0.014376
0.0136
0.012825
0.012847
0.012748
0.012144
0.011595
0.010495
0.0080974
0.0063572
0.0065878
0.006224
0.0065603
0.0057055
0.0055842
0.0046295
0.0045515
0.0044725
0.0003642
0.00038278
0.00048266
0.00097444
0.0019865
0.0024701
0.0033783
0.0047302
0.0055163
0.0060326
0.0074064
0.0091825
0.010732
0.010907
0.0098938
0.007815
0.0053299
0.0096065
0.014897
0.014834
0.013903
0.011935
0.0092305
0.0043784
0.0044847
0.0081935
0.012407
0.015705
0.017547
0.018835
0.020596
0.02156
0.021754
0.021221
0.020695
0.020218
0.01985
0.01927
0.018563
0.017765
0.017187
0.016564
0.015899
0.015146
0.014448
0.014202
0.014006
0.013567
0.012703
0.011334
0.010956
0.009105
0.0072986
0.0062761
0.0059471
0.0060753
0.0059756
0.0055395
0.0045505
0.0044746
0.00035271
0.00048722
0.00077701
0.002101
0.00273
0.0039726
0.0052571
0.0062825
0.0066377
0.0082095
0.010252
0.011039
0.010939
0.01145
0.011067
0.0059973
0.0070628
0.013487
0.017464
0.016938
0.014783
0.011478
0.0055257
0.0031864
0.0047269
0.0075364
0.012374
0.015505
0.018411
0.019837
0.021117
0.022979
0.023363
0.023111
0.022715
0.021875
0.021569
0.021043
0.020348
0.019734
0.019418
0.01851
0.017479
0.016715
0.016124
0.015827
0.015164
0.014644
0.013726
0.013246
0.01256
0.010923
0.0096583
0.0082382
0.0065961
0.0065143
0.0064597
0.0073484
0.0061768
0.0054567
0.00044816
0.00062243
0.0012355
0.0031441
0.0044994
0.0059296
0.0071789
0.0074361
0.0090249
0.011213
0.01223
0.012073
0.012782
0.012431
0.0097998
0.0047578
0.0075391
0.018692
0.019603
0.018401
0.015827
0.01008
0.0057582
0.0076545
0.010941
0.011585
0.013455
0.016759
0.018987
0.020229
0.022063
0.023127
0.023736
0.023794
0.023681
0.024061
0.023516
0.023169
0.022188
0.021733
0.020912
0.020084
0.019615
0.018633
0.018079
0.01756
0.017035
0.015846
0.015621
0.014704
0.013938
0.012929
0.011417
0.010155
0.0080813
0.0060572
0.0063136
0.0072493
0.0070194
0.0060113
0.00063261
0.001042
0.0026045
0.0051598
0.0061744
0.0069238
0.008156
0.009653
0.011135
0.01301
0.013916
0.013755
0.013235
0.012394
0.0083821
0.0051529
0.011468
0.019366
0.019258
0.019254
0.016419
0.007751
0.0060239
0.0089053
0.0095094
0.011546
0.013607
0.018278
0.019125
0.020606
0.02191
0.023767
0.024513
0.025129
0.025355
0.024823
0.024956
0.024322
0.023381
0.022859
0.022274
0.021814
0.020912
0.020109
0.019631
0.018492
0.01801
0.01754
0.016867
0.015958
0.015106
0.014085
0.012925
0.011926
0.010368
0.0085531
0.0069647
0.0079431
0.008088
0.007063
0.00093429
0.0017301
0.0051386
0.0066567
0.0095527
0.010237
0.010795
0.011629
0.012583
0.013868
0.01454
0.014359
0.014233
0.01256
0.0076351
0.005778
0.012996
0.019145
0.01957
0.020101
0.016157
0.0070767
0.0044832
0.0050898
0.0037516
0.0078156
0.014559
0.01921
0.019584
0.020688
0.021445
0.023516
0.02534
0.025539
0.025812
0.025308
0.025122
0.024714
0.024201
0.02374
0.023099
0.022575
0.022088
0.021544
0.020757
0.019563
0.018672
0.017799
0.016735
0.016718
0.016226
0.015426
0.014702
0.013979
0.012364
0.010427
0.0087866
0.0096065
0.0091164
0.0083693
0.0016017
0.004599
0.007574
0.010267
0.011639
0.012266
0.013149
0.013596
0.014145
0.014927
0.014845
0.015357
0.015849
0.01463
0.0083131
0.0082817
0.014392
0.019219
0.019793
0.01984
0.015767
0.0027554
0.00098674
0.0017419
0.0014231
0.0063103
0.014024
0.01808
0.019963
0.020861
0.02213
0.023729
0.025337
0.025555
0.025895
0.025592
0.025041
0.025117
0.024707
0.024656
0.024339
0.023559
0.023172
0.02261
0.021741
0.020158
0.018685
0.017741
0.016625
0.015878
0.016392
0.016169
0.015363
0.014184
0.013349
0.0121
0.010706
0.0092038
0.010147
0.0096456
0.003763
0.0072661
0.010314
0.012576
0.013714
0.014554
0.015442
0.015796
0.016395
0.015618
0.01574
0.015853
0.017272
0.014936
0.0072752
0.0075817
0.013301
0.019249
0.019227
0.019583
0.015693
0.0029915
0.0012522
0.00097036
0.00044272
0.0032574
0.013508
0.017798
0.019584
0.020532
0.022317
0.024087
0.025454
0.025714
0.025726
0.025511
0.024706
0.024222
0.024536
0.024842
0.024459
0.024111
0.023853
0.022992
0.021579
0.020268
0.018552
0.017383
0.015919
0.015736
0.015883
0.015959
0.016002
0.015475
0.014278
0.013213
0.012057
0.010737
0.0094327
0.010235
0.0072707
0.010487
0.012424
0.014168
0.015873
0.01667
0.016987
0.017233
0.017798
0.017132
0.016827
0.017238
0.017375
0.015073
0.0063371
0.0067802
0.013806
0.01778
0.018359
0.019557
0.015622
0.0052181
0.0021034
0.0019062
0.0036058
0.0070884
0.014131
0.018064
0.019267
0.020989
0.022624
0.024339
0.025342
0.025861
0.025864
0.02468
0.023893
0.023289
0.022811
0.023538
0.023892
0.023752
0.023411
0.022532
0.020992
0.019613
0.018046
0.017361
0.015781
0.015103
0.014853
0.014574
0.015641
0.015274
0.014777
0.013318
0.012182
0.011734
0.010166
0.0092203
0.0099455
0.011761
0.013014
0.015217
0.017263
0.018102
0.019179
0.019536
0.019743
0.018494
0.018028
0.018636
0.018496
0.015791
0.010716
0.0084023
0.013538
0.016967
0.018176
0.018458
0.017661
0.009056
0.0042035
0.0091595
0.013455
0.013601
0.015803
0.017519
0.019752
0.021515
0.023055
0.023962
0.025142
0.025491
0.023774
0.023329
0.02276
0.021425
0.019663
0.020433
0.020091
0.021871
0.02216
0.021279
0.020146
0.018707
0.017561
0.016325
0.016232
0.015833
0.014189
0.012218
0.014111
0.014131
0.013638
0.012972
0.012392
0.011752
0.011289
0.010212
0.010717
0.012426
0.014891
0.016795
0.018216
0.019153
0.020026
0.020626
0.020306
0.020525
0.019658
0.019847
0.019309
0.016274
0.011793
0.0096412
0.013788
0.017707
0.018219
0.018631
0.018789
0.014157
0.0069207
0.0094067
0.012863
0.013694
0.016152
0.018777
0.020727
0.022502
0.023492
0.024613
0.023792
0.023696
0.022177
0.022069
0.020009
0.016004
0.015076
0.01498
0.015719
0.0198
0.021367
0.020888
0.019915
0.018935
0.016934
0.013033
0.012104
0.014019
0.0111
0.011071
0.011429
0.012089
0.01291
0.012818
0.012718
0.011694
0.011818
0.011106
0.010836
0.013822
0.015987
0.017673
0.0185
0.019901
0.021061
0.0216
0.021732
0.021453
0.021205
0.020832
0.020348
0.017641
0.014947
0.013172
0.015121
0.017687
0.0186
0.018594
0.018865
0.018105
0.014399
0.0081825
0.0080036
0.01151
0.018403
0.021808
0.022002
0.022405
0.022226
0.022368
0.021209
0.020785
0.02051
0.017755
0.013971
0.012864
0.012736
0.01186
0.013941
0.0176
0.020424
0.020209
0.019414
0.018538
0.014777
0.011429
0.0074103
0.010689
0.0068082
0.0073614
0.0096109
0.010609
0.011116
0.011865
0.012587
0.012073
0.012003
0.01192
0.011884
0.014124
0.016499
0.018192
0.019573
0.020883
0.021823
0.022273
0.02232
0.022376
0.022377
0.022845
0.021704
0.019867
0.01772
0.016786
0.01648
0.016869
0.017932
0.017701
0.018669
0.019312
0.018912
0.018122
0.016011
0.017116
0.021514
0.021805
0.021047
0.020121
0.019488
0.019285
0.018655
0.017741
0.015464
0.012522
0.011936
0.011777
0.011813
0.013696
0.013895
0.013819
0.018394
0.019417
0.018557
0.018046
0.016017
0.010426
0.0058454
0.006955
0.0042217
0.0037702
0.0057857
0.0080985
0.0090357
0.01086
0.011577
0.012241
0.01224
0.012769
0.012941
0.014823
0.016734
0.018501
0.020226
0.021339
0.022647
0.02281
0.022881
0.022905
0.023552
0.023981
0.022519
0.021288
0.020488
0.019227
0.017491
0.016901
0.016859
0.015855
0.017622
0.018948
0.019784
0.021562
0.021998
0.021911
0.021738
0.018754
0.017865
0.016932
0.016703
0.016582
0.015732
0.014041
0.012118
0.011151
0.012196
0.012473
0.011831
0.012897
0.012136
0.012477
0.017211
0.017756
0.018205
0.017857
0.015338
0.008441
0.0049498
0.0037965
0.0029618
0.0037765
0.0061898
0.0084038
0.0089413
0.010919
0.011493
0.013341
0.013165
0.013325
0.014384
0.015353
0.017364
0.01922
0.020553
0.021271
0.022678
0.023275
0.023052
0.023689
0.024347
0.024754
0.024382
0.023439
0.023007
0.022042
0.02045
0.019117
0.017865
0.017204
0.017009
0.017076
0.019116
0.020758
0.019443
0.019214
0.018129
0.016314
0.015656
0.014347
0.014862
0.014768
0.014127
0.013044
0.011795
0.011975
0.012172
0.012006
0.011253
0.010624
0.0079758
0.012096
0.016756
0.017818
0.017827
0.017224
0.013766
0.0077134
0.0045285
0.0032864
0.0030924
0.0041631
0.0067013
0.0080139
0.0075134
0.010772
0.01277
0.015006
0.0138
0.014024
0.013744
0.015982
0.018188
0.02002
0.020762
0.022041
0.023102
0.023785
0.023841
0.024348
0.02469
0.02479
0.025323
0.025497
0.024647
0.024002
0.022645
0.021476
0.020647
0.019608
0.01893
0.017562
0.017017
0.019992
0.01851
0.016834
0.016095
0.014637
0.014667
0.013593
0.0137
0.013655
0.013028
0.013324
0.013633
0.014006
0.014592
0.012955
0.012465
0.010584
0.0082056
0.010993
0.016156
0.017874
0.01828
0.017111
0.012449
0.0078891
0.0045371
0.0035301
0.0033608
0.0053354
0.0069539
0.0082377
0.0095215
0.011139
0.013672
0.016401
0.013563
0.0152
0.013354
0.016508
0.018553
0.019958
0.021323
0.022441
0.023649
0.024036
0.024392
0.025067
0.025512
0.025589
0.025733
0.026304
0.02583
0.025417
0.024608
0.023466
0.02292
0.022275
0.021036
0.020727
0.020431
0.020354
0.019449
0.018388
0.016959
0.015881
0.01563
0.015806
0.016108
0.016182
0.016858
0.016892
0.017217
0.018022
0.01777
0.016761
0.015977
0.014525
0.010805
0.013575
0.018895
0.019443
0.019226
0.018195
0.01318
0.0092903
0.0053667
0.0045944
0.0052369
0.0087852
0.0090393
0.0094944
0.010777
0.013508
0.016452
0.016987
0.015719
0.017504
0.013363
0.016193
0.019097
0.020653
0.021795
0.023142
0.023765
0.024196
0.024949
0.025612
0.025478
0.02632
0.0265
0.026654
0.02647
0.02592
0.025371
0.024635
0.024396
0.024104
0.02363
0.024698
0.024759
0.023988
0.023514
0.021904
0.020216
0.018854
0.018914
0.019522
0.019563
0.019892
0.020813
0.020821
0.020845
0.02233
0.022354
0.021933
0.01926
0.017921
0.015236
0.01385
0.020089
0.021283
0.020617
0.01918
0.014335
0.010147
0.006725
0.0059302
0.0078433
0.010395
0.010891
0.010615
0.010922
0.014493
0.01939
0.017573
0.017006
0.017984
0.014803
0.017243
0.019677
0.021576
0.022322
0.023797
0.024308
0.024602
0.025327
0.02556
0.026058
0.026375
0.026911
0.02731
0.026933
0.02649
0.026207
0.025692
0.025371
0.025239
0.025446
0.026397
0.02658
0.026577
0.025966
0.02503
0.022866
0.022002
0.022655
0.022582
0.022208
0.022109
0.021998
0.021835
0.022667
0.023736
0.023388
0.022849
0.020751
0.018782
0.017448
0.016671
0.019032
0.021003
0.020689
0.020171
0.014368
0.010249
0.0073031
0.0075997
0.0066927
0.010033
0.011169
0.011354
0.010265
0.013876
0.020534
0.019461
0.018266
0.018273
0.014608
0.018023
0.020442
0.021946
0.022488
0.023559
0.024574
0.024646
0.024385
0.024845
0.025908
0.026393
0.026505
0.02678
0.0268
0.026204
0.026399
0.026043
0.025973
0.02566
0.02523
0.026198
0.026701
0.026768
0.026652
0.024988
0.023337
0.023001
0.022661
0.022138
0.022807
0.022266
0.022677
0.022984
0.022911
0.02345
0.023781
0.023064
0.020907
0.019576
0.018763
0.017936
0.019821
0.021202
0.020913
0.020071
0.013555
0.0097197
0.0073117
0.0065503
0.0061444
0.010392
0.010496
0.012094
0.010624
0.013815
0.020036
0.020437
0.019342
0.018374
0.015718
0.01836
0.021001
0.021841
0.0228
0.023855
0.024397
0.024445
0.024208
0.02482
0.025724
0.025608
0.025988
0.026569
0.02687
0.026426
0.025703
0.025305
0.025229
0.025141
0.024866
0.024996
0.025524
0.02551
0.025133
0.023855
0.022403
0.021787
0.022067
0.02123
0.021933
0.021945
0.021973
0.022111
0.022245
0.022448
0.022522
0.022846
0.01997
0.019526
0.018874
0.020306
0.021491
0.022967
0.02208
0.019743
0.01477
0.011658
0.0079116
0.0076904
0.0060687
0.010974
0.010097
0.012164
0.010925
0.013652
0.019812
0.020423
0.019805
0.019285
0.015375
0.017637
0.021427
0.022381
0.022918
0.023802
0.024457
0.024455
0.024196
0.0244
0.025028
0.024877
0.025276
0.02568
0.025983
0.025152
0.024815
0.023771
0.024359
0.023539
0.023234
0.023279
0.023435
0.024604
0.024704
0.024115
0.022776
0.021265
0.021187
0.021634
0.020939
0.020539
0.019793
0.020284
0.020862
0.021642
0.020166
0.020656
0.018895
0.018771
0.017178
0.021054
0.021715
0.023361
0.022524
0.020578
0.015979
0.012504
0.0087181
0.0083291
0.0080453
0.010503
0.011221
0.011124
0.0099666
0.014619
0.020268
0.020749
0.02037
0.019925
0.015215
0.017775
0.020676
0.022112
0.022856
0.024157
0.024285
0.02444
0.024962
0.025031
0.025315
0.024815
0.024337
0.024739
0.02456
0.023953
0.023826
0.02271
0.022065
0.021601
0.021359
0.02157
0.021972
0.022653
0.024538
0.025267
0.024229
0.022535
0.021858
0.022081
0.022521
0.022168
0.021093
0.019203
0.019673
0.020656
0.019142
0.01838
0.017857
0.017942
0.011394
0.018594
0.021829
0.022923
0.023429
0.02131
0.017689
0.011278
0.0071345
0.0068924
0.0070663
0.0082259
0.0098885
0.010631
0.010904
0.015098
0.020032
0.020392
0.020699
0.020354
0.014799
0.017775
0.020198
0.022095
0.023324
0.024322
0.024724
0.024836
0.025145
0.025152
0.025541
0.024741
0.024209
0.022475
0.021913
0.022663
0.022633
0.021377
0.020633
0.020998
0.021156
0.021617
0.021951
0.022761
0.024558
0.025246
0.025416
0.024678
0.023467
0.023293
0.023982
0.024044
0.022732
0.021836
0.019796
0.018857
0.017846
0.017846
0.019323
0.017487
0.014822
0.019366
0.021624
0.022545
0.022542
0.021705
0.019776
0.011458
0.00689
0.0042384
0.0067217
0.0081588
0.0099861
0.010264
0.010527
0.015729
0.019748
0.019983
0.020536
0.020715
0.014775
0.017538
0.019769
0.022162
0.023475
0.024505
0.02492
0.025127
0.025345
0.025828
0.025071
0.024448
0.023886
0.02119
0.019992
0.01982
0.020655
0.020932
0.021054
0.021153
0.021219
0.020922
0.021127
0.020792
0.020419
0.021741
0.023617
0.024733
0.025116
0.025015
0.025587
0.025617
0.024428
0.021907
0.020498
0.020049
0.018715
0.016994
0.019205
0.018902
0.019492
0.022509
0.02286
0.023186
0.02321
0.022291
0.021325
0.015441
0.0076025
0.0052647
0.0042146
0.0075608
0.0097085
0.010418
0.01317
0.016905
0.018299
0.019999
0.020395
0.020528
0.01441
0.016378
0.019557
0.021826
0.023635
0.024302
0.025241
0.025584
0.025623
0.025563
0.024906
0.024469
0.024352
0.020174
0.018503
0.018829
0.019008
0.019394
0.021648
0.020418
0.020487
0.019785
0.016476
0.011291
0.010135
0.012716
0.019535
0.022787
0.024884
0.025889
0.026257
0.026424
0.026082
0.024381
0.023476
0.021272
0.019894
0.018234
0.018569
0.020012
0.022923
0.024038
0.02419
0.02379
0.023609
0.022682
0.0223
0.019777
0.0093586
0.0098875
0.0065988
0.0092533
0.0098806
0.011484
0.015442
0.01874
0.019097
0.020061
0.020458
0.020452
0.013125
0.016193
0.018957
0.020938
0.022613
0.023764
0.025122
0.025342
0.025027
0.025019
0.025238
0.024696
0.024147
0.021219
0.015536
0.017082
0.017938
0.020303
0.021003
0.019543
0.019193
0.016617
0.010231
0.011723
0.012972
0.014067
0.01726
0.019943
0.023371
0.025354
0.026447
0.026809
0.026641
0.02624
0.0256
0.024489
0.02329
0.019802
0.019459
0.020863
0.024465
0.025015
0.02501
0.024516
0.023893
0.023545
0.022588
0.02025
0.014609
0.011447
0.01001
0.011006
0.013207
0.017276
0.01814
0.019872
0.019912
0.020433
0.019972
0.01986
0.010768
0.015536
0.018705
0.020746
0.022128
0.023425
0.024284
0.024529
0.024795
0.024698
0.024257
0.024319
0.024662
0.020177
0.0115
0.013853
0.017009
0.021102
0.020278
0.020458
0.018738
0.012437
0.0094034
0.011284
0.013822
0.013076
0.01617
0.019114
0.0215
0.025398
0.026596
0.02676
0.026638
0.026691
0.026138
0.025392
0.024518
0.023419
0.022093
0.022399
0.024228
0.025203
0.0254
0.025051
0.024658
0.023539
0.02316
0.020457
0.01704
0.015928
0.015633
0.015781
0.017732
0.019152
0.019652
0.020219
0.020124
0.020233
0.020166
0.019044
0.01025
0.014492
0.017116
0.019705
0.022061
0.022637
0.023453
0.02392
0.024037
0.024664
0.024057
0.023961
0.024038
0.020979
0.0094154
0.011813
0.017463
0.021624
0.021389
0.021467
0.01753
0.0073447
0.003564
0.002776
0.0034136
0.009161
0.016541
0.020033
0.02119
0.024289
0.026109
0.026987
0.027165
0.027157
0.026749
0.026465
0.026074
0.024889
0.024001
0.024015
0.024783
0.025509
0.025187
0.024845
0.024307
0.023904
0.023109
0.020629
0.018297
0.017351
0.018727
0.018729
0.019727
0.020035
0.021
0.020341
0.019899
0.019884
0.018902
0.018327
0.009425
0.012922
0.015675
0.018594
0.021239
0.022322
0.022976
0.023381
0.023977
0.023622
0.023728
0.022876
0.02259
0.021928
0.0086835
0.010855
0.017082
0.022144
0.022788
0.021552
0.016099
0.002939
0.0010676
0.00098873
0.001199
0.0073115
0.017583
0.021032
0.022254
0.023309
0.025858
0.026935
0.027101
0.027396
0.027451
0.026691
0.02637
0.026116
0.02567
0.025335
0.025031
0.025346
0.025398
0.025135
0.024609
0.0241
0.02337
0.022181
0.020608
0.019584
0.020102
0.020079
0.020267
0.020415
0.020234
0.020058
0.019686
0.019151
0.018578
0.018243
0.0065958
0.01089
0.012025
0.017017
0.019691
0.021438
0.022277
0.022788
0.023277
0.023771
0.023247
0.022921
0.023216
0.021807
0.010224
0.011799
0.017686
0.022554
0.023764
0.022223
0.018423
0.0040719
0.0016078
0.0016473
0.0015128
0.0081922
0.0191
0.021874
0.02335
0.023928
0.025824
0.027139
0.027248
0.027649
0.027583
0.027223
0.027461
0.027143
0.026713
0.026218
0.025608
0.025339
0.02552
0.025578
0.025083
0.02445
0.023798
0.023018
0.022058
0.021693
0.021305
0.02114
0.021217
0.0211
0.020124
0.020209
0.019702
0.018549
0.018021
0.018076
0.0036901
0.0076461
0.0083366
0.011478
0.016146
0.019318
0.020367
0.021666
0.02265
0.023103
0.023018
0.022858
0.0234
0.021534
0.0146
0.01236
0.016291
0.023128
0.024403
0.02397
0.020658
0.0073373
0.0033148
0.0037046
0.0076981
0.012427
0.020804
0.023122
0.024215
0.024477
0.025923
0.027069
0.027354
0.028017
0.028147
0.027804
0.027946
0.027629
0.026988
0.026679
0.026411
0.02619
0.025966
0.025557
0.025365
0.024814
0.024228
0.023785
0.023227
0.022513
0.021911
0.021777
0.021647
0.021032
0.020567
0.019849
0.019096
0.017915
0.018073
0.016931
0.0015545
0.005566
0.0096338
0.010544
0.014203
0.015552
0.018814
0.020398
0.021185
0.021925
0.022511
0.022783
0.022441
0.021608
0.017323
0.011151
0.01557
0.024849
0.024659
0.024153
0.021194
0.011076
0.0070144
0.011827
0.01413
0.015225
0.022091
0.02379
0.024485
0.025269
0.025645
0.026862
0.027501
0.027746
0.028167
0.028253
0.0282
0.027435
0.026918
0.026464
0.02619
0.0259
0.025625
0.025489
0.025172
0.024706
0.024371
0.023992
0.023225
0.02297
0.022663
0.022428
0.022032
0.020963
0.020502
0.019502
0.018492
0.017976
0.016872
0.016288
0.00070227
0.0033926
0.0077434
0.011009
0.011593
0.014334
0.016425
0.019964
0.02069
0.02124
0.022012
0.022184
0.022401
0.022236
0.020513
0.01299
0.014532
0.024161
0.024789
0.024216
0.021845
0.013456
0.0061914
0.011774
0.013643
0.016339
0.021454
0.024005
0.024636
0.0253
0.025992
0.026923
0.027278
0.027942
0.027701
0.028184
0.027835
0.027343
0.026821
0.026327
0.02594
0.025638
0.025242
0.02536
0.024931
0.024422
0.024088
0.023587
0.022994
0.022625
0.022543
0.021801
0.021568
0.020715
0.019998
0.018845
0.017733
0.017134
0.016578
0.015357
0.00029912
0.0014108
0.0044443
0.0083341
0.010944
0.012337
0.015848
0.018149
0.019986
0.020759
0.02176
0.021413
0.02164
0.020641
0.020626
0.015256
0.011174
0.023077
0.024394
0.02397
0.021869
0.017168
0.0066716
0.0055241
0.012824
0.016771
0.021458
0.023859
0.024412
0.025638
0.026495
0.027034
0.027632
0.027393
0.027657
0.0279
0.027655
0.026863
0.026459
0.025854
0.025475
0.024866
0.024788
0.024765
0.024571
0.023897
0.023818
0.023729
0.023451
0.022775
0.022045
0.021206
0.021009
0.020378
0.019229
0.017729
0.01706
0.016651
0.015793
0.015147
0.00030104
0.00036687
0.0022691
0.0042017
0.0069553
0.010664
0.013746
0.016286
0.018634
0.019654
0.020206
0.02086
0.020902
0.020424
0.020051
0.015241
0.011358
0.020448
0.023584
0.023292
0.022078
0.018366
0.012824
0.0085695
0.011076
0.015811
0.021144
0.02404
0.0248
0.02573
0.026646
0.027237
0.02759
0.027721
0.027397
0.027283
0.027112
0.026537
0.025937
0.02492
0.024786
0.024425
0.024334
0.024356
0.024309
0.024005
0.023529
0.023131
0.022299
0.022042
0.021692
0.021205
0.02048
0.019815
0.017842
0.016512
0.015832
0.015501
0.014879
0.013721
0.00030044
0.00030642
0.00054942
0.0012055
0.0023163
0.0041225
0.0076664
0.011008
0.014006
0.0171
0.01907
0.019885
0.019717
0.019675
0.018868
0.016337
0.011123
0.017197
0.022
0.022041
0.021839
0.019993
0.016667
0.013745
0.015586
0.019489
0.022559
0.023899
0.024981
0.02558
0.026123
0.026691
0.02726
0.027093
0.026797
0.026617
0.02617
0.025846
0.025355
0.024422
0.02419
0.024016
0.023744
0.023511
0.023484
0.023484
0.022775
0.022273
0.021871
0.021507
0.021167
0.020515
0.019724
0.018381
0.017372
0.01688
0.016217
0.014656
0.01394
0.013844
0.00030847
0.00036456
0.00034176
0.00050305
0.00074758
0.0010061
0.0016298
0.00365
0.0050218
0.0097843
0.015184
0.018432
0.018804
0.018786
0.018025
0.016272
0.013874
0.012334
0.019557
0.020688
0.020679
0.02059
0.019428
0.019014
0.020608
0.021782
0.022341
0.023467
0.024257
0.025008
0.025667
0.025893
0.025941
0.026118
0.025502
0.025296
0.025309
0.024857
0.023652
0.023738
0.023593
0.022719
0.022671
0.022898
0.023014
0.022715
0.022317
0.022044
0.021695
0.021588
0.020876
0.019971
0.018413
0.017734
0.017303
0.016538
0.014825
0.014394
0.011698
0.012332
0.00036456
0.00030342
0.00045507
0.00045155
0.00046271
0.00049318
0.00055368
0.00060296
0.00086106
0.0017405
0.004585
0.012467
0.016929
0.01758
0.01802
0.017207
0.016939
0.014034
0.015413
0.018803
0.019752
0.02038
0.020734
0.021608
0.021973
0.022079
0.023093
0.022746
0.023169
0.023582
0.024634
0.025125
0.025098
0.024852
0.024706
0.024612
0.024321
0.023743
0.023096
0.022301
0.022458
0.022169
0.021918
0.022051
0.022142
0.021749
0.021461
0.02152
0.021116
0.020696
0.018719
0.017652
0.017767
0.016533
0.013987
0.014002
0.01376
0.012133
0.012776
0.013485
0.00052088
0.000451
0.00045968
0.00045513
0.00057345
0.00045827
0.00045827
0.00049318
0.00049318
0.000451
0.00075816
0.00083645
0.0063502
0.013268
0.01533
0.01604
0.016765
0.016855
0.016422
0.01854
0.019396
0.020016
0.020528
0.021326
0.021522
0.021508
0.021857
0.021991
0.022157
0.022584
0.023195
0.023783
0.024035
0.023914
0.023626
0.02338
0.023191
0.022752
0.022071
0.021481
0.021235
0.021356
0.021564
0.021103
0.020474
0.020049
0.019877
0.020112
0.018724
0.017286
0.017055
0.016546
0.015103
0.014519
0.012973
0.012235
0.014816
0.014924
0.01295
0.015248
0.00054913
0.00052798
0.00045513
0.00055827
0.00056279
0.00055222
0.00050147
0.0004783
0.00041531
0.00044144
0.00046628
0.00065403
0.0011199
0.0015827
0.0064636
0.01052
0.013745
0.01571
0.017742
0.018727
0.019121
0.019683
0.019953
0.020574
0.020817
0.020589
0.020522
0.020912
0.02139
0.021898
0.02226
0.022639
0.022641
0.02231
0.022676
0.022214
0.022014
0.021429
0.0213
0.02065
0.020551
0.020097
0.020363
0.019707
0.019378
0.018737
0.017809
0.01688
0.015663
0.014736
0.014441
0.01435
0.013981
0.014483
0.013839
0.014031
0.014921
0.016043
0.016321
0.016293
0.00050985
0.00052051
0.00060088
0.00050625
0.00046628
0.00045969
0.00045155
0.00044969
0.00036479
0.00035791
0.00035343
0.00034891
0.00036177
0.00060699
0.00070652
0.0012665
0.0035725
0.0074098
0.01122
0.014299
0.016889
0.018544
0.019151
0.019363
0.019234
0.019661
0.019811
0.020366
0.020183
0.020781
0.021204
0.021223
0.021234
0.021107
0.020702
0.020484
0.020403
0.019947
0.01822
0.017632
0.017029
0.016697
0.016748
0.01628
0.015707
0.015977
0.01474
0.014059
0.013774
0.011186
0.011582
0.013238
0.014223
0.014352
0.014548
0.015103
0.015094
0.01568
0.016106
0.016366
0.00061207
0.00073318
0.00052798
0.000451
0.00048201
0.00045155
0.00046277
0.00043692
0.00043692
0.00041418
0.00037379
0.00034419
0.00041418
0.00036687
0.00036989
0.00029618
0.00040936
0.00056172
0.0017917
0.0037403
0.0077056
0.011742
0.014162
0.015742
0.017036
0.016888
0.017155
0.018325
0.018998
0.019534
0.019624
0.019605
0.019295
0.01921
0.018071
0.017635
0.0162
0.015126
0.013998
0.01401
0.014738
0.015632
0.015261
0.015184
0.014506
0.014487
0.014352
0.014212
0.011827
0.013484
0.014231
0.014561
0.014768
0.014611
0.014674
0.015155
0.015311
0.015375
0.016513
0.016749
0.00094169
0.00075135
0.00076714
0.00061284
0.00045969
0.00047522
0.00047522
0.00042154
0.00045969
0.00044823
0.00035377
0.00033875
0.0003214
0.00034891
0.00036989
0.00037077
0.00036177
0.00041531
0.00035373
0.00042561
0.00064213
0.0011936
0.0020432
0.0031891
0.004678
0.0061946
0.0079045
0.0095945
0.0098317
0.010847
0.011375
0.012339
0.014016
0.012833
0.012438
0.012789
0.013167
0.012574
0.014492
0.014934
0.015003
0.01538
0.014227
0.014469
0.015076
0.014687
0.01479
0.014509
0.014521
0.014644
0.014331
0.0144
0.014634
0.014894
0.014607
0.015089
0.015075
0.015508
0.016511
0.016595
0.0046593
0.0017152
0.00085283
0.00074392
0.00063998
0.00073827
0.00052237
0.00046628
0.00047491
0.00045969
0.00048947
0.00048947
0.00051505
0.00048236
0.00040902
0.00042154
0.0003761
0.00045561
0.00046405
0.0004783
0.00053306
0.00060287
0.00084657
0.0012789
0.0017887
0.002609
0.0046331
0.0064572
0.0086232
0.0098832
0.0092967
0.010338
0.011971
0.012222
0.011727
0.012147
0.014321
0.014897
0.015686
0.015318
0.015443
0.015192
0.014851
0.015126
0.014938
0.015152
0.014098
0.014527
0.014976
0.015205
0.015059
0.015014
0.01523
0.01532
0.014957
0.014968
0.01507
0.014749
0.015922
0.016732
0.011947
0.0093581
0.0055637
0.0031595
0.0016422
0.00066009
0.00061323
0.00045963
0.00045507
0.00047522
0.00055827
0.00058274
0.00053952
0.00048236
0.00045963
0.00048639
0.00049839
0.00048236
0.00054469
0.00046628
0.0004187
0.00050676
0.00061723
0.00059784
0.00068352
0.0010476
0.0016028
0.0018218
0.0028673
0.0062753
0.0079608
0.01276
0.013542
0.013533
0.014063
0.015192
0.015507
0.015832
0.015433
0.015197
0.015164
0.014667
0.014876
0.015428
0.015359
0.015745
0.016016
0.015672
0.015527
0.01538
0.0155
0.015704
0.015731
0.015533
0.015327
0.015522
0.015039
0.01598
0.015409
0.017065
0.014498
0.014465
0.013854
0.010856
0.0083138
0.0047849
0.0015119
0.00076078
0.00059823
0.00047522
0.00049467
0.00050147
0.00045476
0.00049467
0.00049318
0.00050985
0.00049318
0.00047491
0.00048236
0.00047491
0.00048236
0.00046684
0.00049839
0.00062201
0.0006062
0.001473
0.0028422
0.0039397
0.0060438
0.012233
0.014014
0.013876
0.014809
0.014548
0.015555
0.016634
0.016328
0.014955
0.014327
0.014486
0.014586
0.015966
0.016725
0.016809
0.016555
0.016457
0.01604
0.015703
0.015799
0.015989
0.016162
0.016148
0.015732
0.016087
0.015855
0.015297
0.015484
0.016287
0.016252
0.016794
0.016361
0.015859
0.015551
0.015549
0.013963
0.012916
0.010322
0.0061238
0.003198
0.0010039
0.00062779
0.00061351
0.00061292
0.00057356
0.00048722
0.00051505
0.00062779
0.00055689
0.0005539
0.00062171
0.00062779
0.0019154
0.00352
0.002182
0.0012724
0.00086463
0.0021881
0.0055774
0.010636
0.014589
0.014886
0.014828
0.014546
0.015009
0.015253
0.014689
0.014306
0.014937
0.01474
0.015199
0.016422
0.016278
0.016537
0.016307
0.016103
0.015926
0.015855
0.016331
0.016283
0.016933
0.016568
0.016136
0.015711
0.016426
0.016584
0.016394
0.015716
0.015074
0.016242
0.016867
0.017323
0.017202
0.016504
0.016478
0.01681
0.01594
0.014805
0.014035
0.012767
0.0089544
0.0051096
0.0024389
0.00085103
0.00085293
0.0006966
0.00087761
0.00086268
0.0013726
0.0021713
0.004438
0.0033413
0.0051275
0.0073064
0.0039044
0.0066072
0.0048755
0.0079893
0.013092
0.01483
0.014831
0.015311
0.014748
0.015489
0.014394
0.014207
0.013514
0.013574
0.014892
0.015936
0.016383
0.016464
0.016706
0.016391
0.016627
0.016035
0.016283
0.016519
0.016616
0.016886
0.016987
0.017103
0.016746
0.01656
0.017096
0.017149
0.016938
0.016542
0.015484
0.015928
0.016403
