0.01491
0.014574
0.014457
0.014633
0.014443
0.014557
0.014398
0.01427
0.014197
0.014197
0.012293
0.01112
0.010979
0.010715
0.0097376
0.010063
0.010022
0.0090336
0.0097652
0.0098978
0.008951
0.010269
0.0092638
0.0090089
0.0090655
0.0087432
0.0080897
0.0077293
0.0094084
0.0099933
0.0094859
0.0095651
0.0093021
0.0093179
0.0097851
0.010372
0.010733
0.011124
0.011872
0.011853
0.011848
0.011966
0.011906
0.011787
0.011818
0.012177
0.011301
0.011205
0.01121
0.011382
0.011271
0.011187
0.011013
0.011146
0.010846
0.010582
0.010605
0.010178
0.0096507
0.009238
0.015078
0.015021
0.014459
0.014626
0.014894
0.013363
0.011067
0.0096322
0.0091479
0.0067288
0.0051143
0.0043439
0.0021468
0.0022455
0.0024923
0.002039
0.0014659
0.0015141
0.002038
0.0025292
0.0016864
0.0029008
0.0013798
0.0012455
0.0019375
0.0015622
0.0031638
0.0065358
0.0078005
0.0077273
0.0083888
0.0087702
0.0083596
0.0091555
0.0094741
0.0097068
0.010122
0.010877
0.011157
0.011303
0.011407
0.011906
0.011548
0.011877
0.0122
0.012114
0.011537
0.011475
0.011308
0.01138
0.011437
0.011479
0.010421
0.009987
0.0096966
0.0090537
0.0095407
0.0093851
0.0089763
0.0088398
0.015258
0.015137
0.014544
0.011228
0.008872
0.0072146
0.0040495
0.0018595
0.00086807
0.00085136
0.00060137
0.00050517
0.00045683
0.00034263
0.00033283
0.00038281
0.00034263
0.00033283
0.00033295
0.00035397
0.00041562
0.00055893
0.00079556
0.00045634
0.00054094
0.00069388
0.0014092
0.0028161
0.004285
0.0065579
0.0064275
0.0069636
0.0072956
0.0077903
0.0076352
0.0081426
0.0089872
0.0095449
0.0092638
0.009759
0.010007
0.010255
0.010216
0.010704
0.011335
0.01151
0.011533
0.011186
0.011436
0.0097782
0.010114
0.010008
0.009771
0.008578
0.008318
0.0083422
0.0089127
0.0084381
0.0083831
0.0078087
0.013044
0.0086494
0.0060661
0.0046962
0.00129
0.0003423
0.00043404
0.00040677
0.00036104
0.00036249
0.00036104
0.00028876
0.00033295
0.00034263
0.00036373
0.00028528
0.00031435
0.00036163
0.00036199
0.00028929
0.00035683
0.00036206
0.00043717
0.00048624
0.0005416
0.00071903
0.00070443
0.001105
0.0019419
0.0026755
0.003863
0.0049225
0.0048763
0.0038592
0.0041924
0.0054851
0.006863
0.0071712
0.0080373
0.0082283
0.0087089
0.0086565
0.0087254
0.0086751
0.0088393
0.0097687
0.0098523
0.0098891
0.0086171
0.0091561
0.0087084
0.0085599
0.0083189
0.0079988
0.0077637
0.0075849
0.0073086
0.0071572
0.0070772
0.0067059
0.0051645
0.0031834
0.0012002
0.00032148
0.00028936
0.00041562
0.00028936
0.00028301
0.00036163
0.00031034
0.00027481
0.00028301
0.00027489
0.00028301
0.00028883
0.00034226
0.00028929
0.00031435
0.00029321
0.0003105
0.00035238
0.00028301
0.00028936
0.00035238
0.00039825
0.00070884
0.0012732
0.0018545
0.0017836
0.0028588
0.0033248
0.0036669
0.0030612
0.0022943
0.0022057
0.0029869
0.0051932
0.0059332
0.0070952
0.0077858
0.0085137
0.0085784
0.0085645
0.0085297
0.0083935
0.0082432
0.0082987
0.0080295
0.0080659
0.0083304
0.0083938
0.0080875
0.0077338
0.0074095
0.0071526
0.0069648
0.0067478
0.0066506
0.0067302
0.006741
0.0019847
0.00044393
0.00033295
0.00031181
0.00029321
0.00031727
0.00028528
0.00028301
0.00028929
0.00029321
0.00028929
0.00029321
0.00033841
0.00034817
0.00031442
0.00034997
0.00037334
0.00037384
0.00042439
0.00042737
0.00042713
0.00040236
0.00084789
0.0013819
0.0027588
0.0039404
0.0053283
0.0061395
0.006193
0.0061412
0.0060161
0.005385
0.0056166
0.0056939
0.005346
0.0054247
0.0056495
0.00623
0.0070414
0.0069953
0.0073188
0.0081237
0.0081242
0.0082986
0.0084987
0.0079893
0.0081119
0.007792
0.0076526
0.0078309
0.0074856
0.0072552
0.0071209
0.0071548
0.0068119
0.0066765
0.0064688
0.0061897
0.006436
0.0071338
0.00034002
0.00031181
0.00036068
0.00039875
0.00036913
0.00038193
0.00042233
0.00043118
0.00043431
0.00040836
0.00043404
0.00044774
0.00040677
0.00040677
0.00042439
0.00043407
0.00045683
0.00054267
0.00062185
0.0010958
0.0023585
0.0043456
0.0064236
0.0079601
0.0087166
0.009085
0.0094109
0.0096454
0.01007
0.010722
0.010303
0.0108
0.011045
0.010377
0.0098954
0.0092468
0.0091691
0.0086389
0.0085562
0.0080055
0.0081497
0.0079043
0.0075797
0.0076039
0.0077524
0.0079607
0.0076926
0.0076193
0.0076117
0.0074135
0.0074441
0.0070195
0.0069964
0.0066113
0.0064035
0.0063444
0.0062731
0.0061222
0.00657
0.0068051
0.00033581
0.00031181
0.00034198
0.00036468
0.00034029
0.00043431
0.00041495
0.00043324
0.00043981
0.00037479
0.00048498
0.00037479
0.00042792
0.00052982
0.00050839
0.00056528
0.0013051
0.0021046
0.003378
0.0051289
0.0065666
0.0077533
0.0094007
0.010258
0.010847
0.011157
0.011052
0.011284
0.011583
0.011676
0.011989
0.011795
0.011872
0.011658
0.012052
0.011719
0.011723
0.011494
0.010976
0.010709
0.01036
0.010236
0.010092
0.0091875
0.008348
0.0076675
0.0074343
0.0065055
0.0070546
0.0067596
0.0067387
0.0069534
0.006646
0.0063383
0.0060061
0.0057271
0.0055375
0.0059647
0.0077809
0.0077624
0.00033295
0.00037334
0.00038193
0.00040677
0.00042792
0.00041519
0.00045309
0.00057288
0.00073509
0.00072182
0.00062697
0.00076259
0.00098539
0.0013373
0.002027
0.003329
0.0047707
0.0055241
0.0059838
0.0071694
0.0092028
0.010395
0.011216
0.011991
0.012775
0.012835
0.012608
0.01235
0.012639
0.013234
0.013692
0.01389
0.013608
0.013418
0.013582
0.01295
0.012718
0.012692
0.01238
0.012163
0.01187
0.011501
0.011387
0.011444
0.0112
0.010007
0.0083393
0.0072226
0.0061678
0.005078
0.0061094
0.0065273
0.0064204
0.0060714
0.0061366
0.0057373
0.0056601
0.0057477
0.0075748
0.0080932
0.00037479
0.00037384
0.0004337
0.00052982
0.00056909
0.00062883
0.00088699
0.00099884
0.0010751
0.0010723
0.0018727
0.0025339
0.0031675
0.0036136
0.004989
0.0064451
0.0064646
0.0061804
0.0066995
0.0099055
0.010611
0.011133
0.011949
0.013129
0.013588
0.013458
0.01353
0.013524
0.014174
0.014675
0.01514
0.015446
0.01584
0.015564
0.014902
0.014216
0.014206
0.014056
0.013828
0.013129
0.01257
0.012023
0.012003
0.01178
0.012222
0.011695
0.010834
0.010404
0.0081368
0.0065005
0.0061876
0.0046752
0.0060122
0.0062338
0.0054593
0.0048872
0.0049856
0.0062307
0.0064861
0.0073371
0.00034504
0.00042133
0.00050923
0.00069254
0.0010453
0.0017224
0.0020088
0.0019442
0.0017971
0.0029643
0.0038266
0.0040868
0.0050308
0.0070614
0.0087542
0.0069201
0.0069252
0.0049909
0.011122
0.011616
0.011929
0.011678
0.011608
0.011006
0.012035
0.013527
0.014024
0.014665
0.016005
0.016946
0.017866
0.01776
0.017621
0.017333
0.016897
0.016563
0.015897
0.01547
0.014735
0.014131
0.013067
0.012134
0.012027
0.012344
0.01281
0.012722
0.01237
0.0116
0.011167
0.0094545
0.0071184
0.0053298
0.0043984
0.0053292
0.0045564
0.0033993
0.0036877
0.0045498
0.0053842
0.0068185
0.00037384
0.00044366
0.00053191
0.0012532
0.0023774
0.0022307
0.0023661
0.0033078
0.0046757
0.0055648
0.0061887
0.0063331
0.0083073
0.009844
0.0087689
0.006546
0.0054602
0.010362
0.013369
0.012972
0.012038
0.011276
0.010304
0.0076933
0.008902
0.011686
0.014472
0.015719
0.01734
0.019107
0.020244
0.02036
0.019969
0.019552
0.019237
0.018984
0.018278
0.017476
0.016928
0.015928
0.014882
0.013428
0.012882
0.012998
0.013096
0.013431
0.013066
0.012288
0.012142
0.011158
0.0099805
0.0070143
0.0051524
0.0046497
0.0044649
0.0041253
0.0026001
0.0024967
0.0045635
0.0048139
0.00041221
0.00044366
0.00079369
0.002314
0.0025677
0.0030822
0.0046231
0.0063751
0.0065015
0.0073987
0.0082831
0.0096188
0.011029
0.010173
0.0084206
0.0073984
0.0071932
0.014633
0.015028
0.014283
0.01315
0.01223
0.0082609
0.0042521
0.0064764
0.010466
0.014475
0.017412
0.018796
0.020561
0.0224
0.022522
0.022292
0.02211
0.022094
0.02134
0.020757
0.0202
0.019358
0.017942
0.016335
0.01497
0.013748
0.01404
0.013619
0.013458
0.013843
0.01323
0.012558
0.011888
0.011314
0.010467
0.0085728
0.0054885
0.0038198
0.0027652
0.0023596
0.0023378
0.0037047
0.0040909
0.00055491
0.00073186
0.0013971
0.0028063
0.0040782
0.005784
0.0072858
0.0077313
0.0086768
0.009123
0.01027
0.011462
0.012418
0.010385
0.0073987
0.0057449
0.012506
0.016895
0.017486
0.0163
0.015185
0.011528
0.005648
0.0025411
0.0063195
0.011276
0.013707
0.017208
0.019731
0.021094
0.022713
0.023121
0.02374
0.024655
0.02546
0.024136
0.022741
0.021695
0.020529
0.019636
0.018249
0.01659
0.015652
0.015946
0.016164
0.015923
0.015328
0.014532
0.013958
0.012225
0.01162
0.011441
0.010243
0.0087246
0.0057092
0.0047217
0.0044309
0.0039993
0.0038473
0.00377
0.00078282
0.0010738
0.002942
0.0052633
0.0066705
0.0074361
0.0081521
0.0089604
0.010774
0.011887
0.011939
0.012995
0.012609
0.011142
0.0067705
0.0067339
0.014673
0.018683
0.018845
0.01859
0.017236
0.011763
0.0041696
0.0064641
0.008729
0.01369
0.015754
0.017425
0.020014
0.021724
0.023434
0.024507
0.025235
0.025996
0.026282
0.025554
0.024234
0.023176
0.022141
0.021108
0.01948
0.018209
0.016989
0.01742
0.018414
0.018494
0.018077
0.016795
0.015393
0.014167
0.012946
0.012158
0.011198
0.010038
0.0089298
0.0057701
0.00527
0.005185
0.0049773
0.0042789
0.00092309
0.0021685
0.0053073
0.0066706
0.0080058
0.008861
0.0099666
0.01123
0.012182
0.013484
0.013638
0.014532
0.013844
0.011569
0.0076222
0.0079855
0.017315
0.019868
0.0195
0.020431
0.01891
0.011321
0.0072052
0.0096471
0.010796
0.013
0.016997
0.01783
0.02063
0.021888
0.023883
0.024913
0.025531
0.026075
0.026399
0.025494
0.02478
0.023794
0.023088
0.022048
0.020291
0.019023
0.017876
0.017788
0.017823
0.018419
0.019623
0.018669
0.017946
0.016493
0.015106
0.013697
0.012473
0.01112
0.010402
0.0092823
0.0076421
0.0067754
0.0065105
0.0058098
0.0019546
0.0044123
0.0068677
0.0086862
0.0098524
0.011134
0.01185
0.013066
0.013846
0.014433
0.015141
0.015589
0.014585
0.012766
0.0093894
0.0087461
0.015777
0.020215
0.021792
0.02111
0.019717
0.0090274
0.0042975
0.0038408
0.0050575
0.013309
0.017264
0.018008
0.021192
0.02169
0.023396
0.025205
0.025656
0.025802
0.026041
0.025369
0.024632
0.024031
0.022898
0.022111
0.020022
0.018681
0.018904
0.018038
0.017941
0.018111
0.018671
0.018765
0.019757
0.018382
0.018333
0.016455
0.014066
0.013018
0.011789
0.010374
0.0092231
0.0076654
0.0072261
0.0070397
0.0043858
0.0083057
0.0096328
0.011037
0.012724
0.013894
0.01449
0.01507
0.015413
0.015806
0.016572
0.017121
0.016733
0.015793
0.0086439
0.0077463
0.013011
0.019571
0.021916
0.021656
0.019588
0.0064777
0.0022664
0.0017551
0.0023056
0.011983
0.016382
0.018383
0.021036
0.021838
0.023788
0.025246
0.026038
0.02593
0.025786
0.025324
0.02485
0.023759
0.022437
0.020933
0.019411
0.01812
0.017155
0.016552
0.016177
0.014774
0.014472
0.016221
0.019311
0.019768
0.018096
0.016853
0.015536
0.013583
0.012918
0.012282
0.010601
0.0091218
0.008353
0.0082887
0.0070186
0.010276
0.012049
0.014064
0.014886
0.016098
0.016497
0.017197
0.017701
0.018173
0.018436
0.01852
0.017873
0.018315
0.010332
0.0077675
0.01106
0.019512
0.021861
0.021634
0.019606
0.0066169
0.0014114
0.0005416
0.0011205
0.010492
0.016259
0.018072
0.020553
0.02197
0.024069
0.025175
0.025822
0.02569
0.025359
0.025103
0.024305
0.022167
0.019884
0.018656
0.018426
0.017836
0.016762
0.015183
0.013039
0.012133
0.011558
0.013176
0.015579
0.019017
0.018798
0.017447
0.016807
0.01505
0.013844
0.013293
0.012498
0.010959
0.0095283
0.0087509
0.0091202
0.011336
0.01383
0.015965
0.017382
0.017908
0.018678
0.018839
0.018934
0.019992
0.020535
0.020706
0.019783
0.019444
0.012155
0.0084476
0.010336
0.01822
0.019404
0.021684
0.019875
0.0088848
0.0016117
0.001286
0.0042079
0.011697
0.016073
0.018371
0.020519
0.022447
0.024993
0.02562
0.025397
0.025158
0.025025
0.024569
0.022326
0.017745
0.016028
0.016435
0.016839
0.0175
0.016383
0.01536
0.012414
0.0091823
0.0098653
0.010343
0.012193
0.016125
0.018192
0.017361
0.016189
0.015445
0.013688
0.013685
0.012875
0.012595
0.01162
0.0098446
0.011147
0.013075
0.015027
0.017427
0.018395
0.019671
0.02081
0.021041
0.020909
0.02135
0.021843
0.022222
0.021643
0.020059
0.012648
0.0089155
0.0087098
0.016237
0.018479
0.020658
0.020757
0.014121
0.0047227
0.008307
0.014636
0.014793
0.016237
0.018657
0.021715
0.02402
0.025436
0.025149
0.024741
0.024521
0.024228
0.022228
0.017399
0.01419
0.014815
0.01569
0.016141
0.017623
0.016873
0.016003
0.013234
0.0063037
0.0085492
0.0088089
0.0074527
0.012947
0.014987
0.015515
0.015338
0.015295
0.014449
0.013779
0.013599
0.012707
0.012202
0.011771
0.012402
0.013965
0.01633
0.018299
0.020237
0.021297
0.022037
0.022236
0.022673
0.022807
0.022792
0.023073
0.022198
0.02154
0.014026
0.0094787
0.0082
0.014434
0.018592
0.019131
0.020115
0.017795
0.0087821
0.0074603
0.010674
0.014754
0.016368
0.02032
0.024039
0.024968
0.024757
0.023945
0.023139
0.022935
0.021477
0.016761
0.013083
0.011847
0.013183
0.01495
0.016088
0.016769
0.017253
0.016517
0.013931
0.006833
0.0062603
0.0056452
0.0054455
0.0068089
0.0092812
0.012205
0.014232
0.014392
0.013999
0.014272
0.014288
0.014453
0.013042
0.012799
0.013552
0.015053
0.017084
0.019069
0.02111
0.022447
0.022691
0.023363
0.023991
0.024101
0.023992
0.023941
0.023105
0.022465
0.018362
0.011403
0.010616
0.013843
0.018071
0.018908
0.019075
0.019069
0.016774
0.010606
0.0072358
0.014107
0.018116
0.022016
0.024358
0.023972
0.022922
0.020893
0.021297
0.020253
0.016769
0.013171
0.011834
0.011348
0.01261
0.014831
0.016055
0.017335
0.017681
0.017422
0.015702
0.0081007
0.0053866
0.0054927
0.0046795
0.0051906
0.0058312
0.007951
0.010781
0.013164
0.013937
0.014112
0.015359
0.015775
0.014679
0.01366
0.014529
0.016007
0.017882
0.019469
0.02116
0.022579
0.023216
0.023366
0.02373
0.024423
0.024076
0.023897
0.023601
0.023385
0.022077
0.015757
0.014648
0.015024
0.017465
0.018983
0.019189
0.019121
0.019243
0.018164
0.01689
0.017077
0.021525
0.022616
0.021916
0.020306
0.018692
0.01876
0.018056
0.015615
0.013039
0.01181
0.013423
0.013142
0.012875
0.012637
0.014406
0.017186
0.017854
0.017618
0.016299
0.010848
0.0092107
0.010769
0.0059209
0.0064235
0.0056374
0.0067836
0.0099983
0.011034
0.013225
0.015338
0.014941
0.017049
0.017065
0.014281
0.015014
0.016983
0.018617
0.019903
0.021411
0.022879
0.023242
0.023721
0.023932
0.024563
0.024261
0.024268
0.02493
0.02432
0.023325
0.021462
0.018399
0.017462
0.018238
0.018643
0.018473
0.018063
0.019327
0.020411
0.021122
0.022407
0.021943
0.020307
0.018362
0.01689
0.016728
0.015905
0.014667
0.013186
0.011342
0.01248
0.014007
0.014043
0.012222
0.010209
0.012992
0.015456
0.018253
0.018102
0.01613
0.0089173
0.0080466
0.008172
0.0056633
0.0062018
0.0067528
0.0074798
0.0099046
0.0087821
0.01127
0.014057
0.015316
0.017636
0.019162
0.017746
0.01478
0.01745
0.019582
0.019989
0.021468
0.022816
0.023125
0.023584
0.024337
0.024788
0.024995
0.024837
0.024744
0.024778
0.02468
0.023636
0.021923
0.020378
0.020123
0.019329
0.018466
0.017894
0.018399
0.018601
0.019959
0.019233
0.017876
0.017314
0.016603
0.015451
0.014846
0.014429
0.013732
0.013395
0.013441
0.013683
0.014237
0.013406
0.010462
0.007814
0.011815
0.015353
0.01857
0.018216
0.015356
0.0081802
0.0076727
0.0091223
0.006688
0.0056399
0.008472
0.0098365
0.011336
0.0099976
0.010481
0.013288
0.015402
0.017965
0.020188
0.019551
0.015882
0.018152
0.019247
0.020742
0.021685
0.023286
0.023418
0.023707
0.024186
0.024807
0.025449
0.025567
0.025608
0.02519
0.025408
0.024928
0.023546
0.022146
0.022007
0.021886
0.020895
0.019257
0.018575
0.0187
0.018824
0.017842
0.016527
0.015653
0.014643
0.013964
0.014213
0.014217
0.014598
0.014918
0.015662
0.016031
0.016693
0.015229
0.011072
0.0083334
0.011577
0.016671
0.018871
0.019829
0.01679
0.0083179
0.0098801
0.011041
0.010138
0.0091309
0.0077823
0.012163
0.013055
0.011172
0.0096012
0.012872
0.015532
0.017951
0.02021
0.020867
0.016444
0.01891
0.019977
0.020968
0.022411
0.023401
0.023569
0.024075
0.024574
0.02496
0.02526
0.02546
0.025404
0.025713
0.025659
0.025381
0.024701
0.023985
0.02339
0.022796
0.02199
0.021841
0.022097
0.021209
0.020528
0.01819
0.016882
0.016007
0.015279
0.015984
0.016782
0.016908
0.016847
0.017562
0.018077
0.02011
0.020372
0.019778
0.016119
0.011077
0.011095
0.018438
0.019797
0.020599
0.016998
0.0095753
0.0096236
0.013228
0.013561
0.011947
0.010917
0.011106
0.012396
0.01253
0.0097372
0.012141
0.015997
0.017853
0.020322
0.021398
0.017555
0.019667
0.020758
0.021809
0.022779
0.023201
0.023621
0.024312
0.024956
0.02521
0.025494
0.025811
0.02572
0.02551
0.025778
0.025424
0.025421
0.024908
0.023852
0.023696
0.02358
0.023829
0.024215
0.024701
0.023815
0.021793
0.020047
0.018595
0.019395
0.019977
0.02019
0.020162
0.020257
0.020628
0.021082
0.023707
0.023777
0.022571
0.01864
0.014183
0.011686
0.018723
0.020237
0.020593
0.017201
0.010502
0.010719
0.013045
0.01253
0.014779
0.012194
0.011548
0.011854
0.012813
0.0092438
0.012091
0.015248
0.018132
0.020649
0.021707
0.018009
0.019579
0.02117
0.022638
0.023216
0.023715
0.023822
0.024488
0.025171
0.025264
0.025661
0.026015
0.025937
0.026069
0.026429
0.026126
0.025805
0.025254
0.024611
0.024242
0.024656
0.025217
0.025535
0.026123
0.025722
0.025004
0.022951
0.021798
0.021874
0.022424
0.022361
0.022398
0.022874
0.022575
0.022962
0.024501
0.024167
0.022569
0.020298
0.015904
0.013136
0.018733
0.020714
0.020797
0.01775
0.011884
0.010547
0.0099395
0.010916
0.0092362
0.011374
0.012306
0.011897
0.013177
0.0098947
0.01186
0.014999
0.018321
0.020995
0.021994
0.017832
0.020694
0.022257
0.022599
0.023409
0.024112
0.024431
0.024631
0.025204
0.025133
0.025653
0.025818
0.02612
0.026067
0.026113
0.026461
0.025744
0.02559
0.024911
0.024099
0.024307
0.025313
0.026078
0.026074
0.026065
0.025477
0.023928
0.023008
0.023153
0.022908
0.023163
0.022828
0.022873
0.023137
0.023016
0.024089
0.024582
0.023073
0.021023
0.01674
0.013842
0.018851
0.020896
0.020405
0.01788
0.01194
0.010012
0.01192
0.013463
0.012176
0.012573
0.011779
0.012328
0.012841
0.010106
0.01335
0.016215
0.018935
0.020807
0.021181
0.018354
0.020949
0.02241
0.022968
0.023378
0.024471
0.024644
0.024956
0.025204
0.025225
0.025496
0.025802
0.026168
0.026277
0.026697
0.026779
0.026354
0.025698
0.025161
0.0247
0.024563
0.025179
0.025626
0.025153
0.02506
0.024625
0.024149
0.02288
0.022362
0.022137
0.021947
0.021563
0.02144
0.021662
0.021543
0.023395
0.02495
0.022995
0.019475
0.015487
0.016208
0.019894
0.021046
0.021163
0.018915
0.012095
0.009414
0.012669
0.018205
0.016225
0.013272
0.012325
0.012468
0.013531
0.010199
0.014956
0.017561
0.019695
0.020929
0.022065
0.01833
0.021013
0.022639
0.023282
0.023412
0.024228
0.024759
0.024821
0.024847
0.02523
0.025381
0.025967
0.026103
0.026756
0.026584
0.026191
0.025401
0.024774
0.024955
0.024564
0.024471
0.024105
0.023598
0.024268
0.024513
0.024037
0.022594
0.022551
0.021821
0.021166
0.020867
0.020563
0.020347
0.019953
0.019938
0.021223
0.022471
0.020674
0.018292
0.015527
0.016623
0.020301
0.022139
0.02176
0.019078
0.011999
0.01195
0.013625
0.016126
0.012542
0.013543
0.012861
0.012911
0.013518
0.012698
0.017027
0.019376
0.020657
0.021439
0.022479
0.018747
0.020835
0.021909
0.023222
0.023508
0.024332
0.024713
0.025086
0.02496
0.025413
0.025851
0.025987
0.026217
0.026217
0.026129
0.024921
0.02267
0.02302
0.023375
0.023144
0.022566
0.022202
0.021952
0.022407
0.022884
0.02433
0.023698
0.0229
0.022667
0.02211
0.021889
0.021219
0.020854
0.020671
0.020013
0.019694
0.020726
0.018988
0.016237
0.016483
0.01651
0.021438
0.023269
0.022497
0.019299
0.013084
0.013638
0.013709
0.014568
0.010766
0.013468
0.013528
0.013824
0.013521
0.015003
0.018632
0.02033
0.021341
0.021963
0.023071
0.018647
0.020438
0.022049
0.022953
0.024215
0.024841
0.02515
0.025525
0.025559
0.025861
0.026277
0.026538
0.026107
0.026048
0.025313
0.021054
0.020797
0.022197
0.021992
0.021966
0.021418
0.020904
0.021664
0.022016
0.021749
0.023306
0.024004
0.024079
0.024176
0.023434
0.022552
0.022444
0.022239
0.020526
0.019421
0.019802
0.02115
0.020062
0.018076
0.01762
0.017796
0.022324
0.02333
0.02267
0.019241
0.013191
0.013128
0.012908
0.010614
0.010146
0.011271
0.011353
0.013311
0.014578
0.017384
0.020334
0.021532
0.021705
0.022072
0.022931
0.018096
0.019659
0.021835
0.023048
0.02461
0.02528
0.025649
0.025688
0.025964
0.026058
0.026555
0.026443
0.026223
0.025165
0.023109
0.018858
0.018183
0.021063
0.021624
0.021529
0.021174
0.020968
0.020847
0.019606
0.019601
0.020626
0.02247
0.023968
0.024878
0.025174
0.024608
0.024099
0.023958
0.022357
0.019396
0.01916
0.020626
0.020111
0.019034
0.018405
0.019912
0.022277
0.023485
0.022995
0.020062
0.013777
0.01366
0.0115
0.011302
0.01019
0.0089932
0.013913
0.016793
0.017157
0.019556
0.020714
0.021076
0.021254
0.023098
0.022541
0.017081
0.019132
0.020976
0.023559
0.024699
0.025464
0.025639
0.026154
0.026786
0.026679
0.026854
0.026907
0.026587
0.02511
0.018053
0.018213
0.019138
0.020065
0.020761
0.0214
0.020655
0.02017
0.017745
0.010617
0.0090641
0.0174
0.019945
0.022744
0.024523
0.025434
0.025515
0.025165
0.025027
0.023166
0.020752
0.019159
0.018533
0.01874
0.018532
0.02013
0.021951
0.023372
0.023501
0.023109
0.021645
0.014698
0.013685
0.014218
0.011211
0.0083717
0.010535
0.014624
0.017179
0.018935
0.02025
0.020933
0.021209
0.022111
0.022759
0.02132
0.015162
0.018929
0.021111
0.024079
0.025268
0.025735
0.026199
0.0267
0.027007
0.027513
0.027316
0.027545
0.026941
0.024123
0.017049
0.015849
0.018955
0.019736
0.02033
0.021329
0.020251
0.01908
0.013654
0.010491
0.011275
0.013914
0.017182
0.02103
0.023494
0.02506
0.025671
0.025848
0.025939
0.024247
0.022282
0.019416
0.017289
0.017027
0.018597
0.021757
0.022166
0.023274
0.023488
0.022205
0.02097
0.016216
0.013725
0.012469
0.0096129
0.010042
0.010631
0.017367
0.018794
0.020282
0.021229
0.021302
0.021474
0.02176
0.022022
0.020299
0.014376
0.018129
0.02104
0.023307
0.024545
0.025734
0.025973
0.026555
0.026637
0.02703
0.027121
0.027326
0.026737
0.020301
0.012886
0.012634
0.018947
0.01954
0.021789
0.021434
0.020343
0.018379
0.0065941
0.0074822
0.01043
0.014669
0.015885
0.020197
0.022677
0.024993
0.025349
0.025775
0.025534
0.02521
0.023681
0.02188
0.018368
0.018828
0.020105
0.021653
0.022478
0.02287
0.023204
0.021343
0.019641
0.012004
0.010403
0.0083375
0.0087837
0.012738
0.015849
0.018526
0.020502
0.021492
0.02181
0.021609
0.022091
0.021056
0.020845
0.019871
0.013132
0.016956
0.020308
0.022695
0.023137
0.02486
0.024923
0.025448
0.025606
0.02606
0.026845
0.026543
0.026822
0.017733
0.010728
0.012085
0.018298
0.020336
0.021685
0.02131
0.019693
0.011145
0.0029781
0.0028497
0.007995
0.014737
0.016318
0.020342
0.022664
0.024824
0.024999
0.024944
0.024612
0.02458
0.024423
0.023453
0.021007
0.019042
0.021286
0.021519
0.02238
0.02264
0.022755
0.021464
0.018707
0.015114
0.012038
0.012742
0.012074
0.015992
0.019182
0.021158
0.022183
0.022323
0.021807
0.021934
0.021365
0.020627
0.019852
0.019244
0.011138
0.014103
0.018614
0.02098
0.022342
0.023428
0.023854
0.024735
0.024889
0.02467
0.025654
0.026099
0.025853
0.016205
0.010617
0.012554
0.020201
0.021839
0.021745
0.021061
0.019436
0.0058815
0.00098224
0.00070576
0.0043059
0.015333
0.017656
0.02077
0.022541
0.024707
0.025008
0.024849
0.025202
0.02487
0.02481
0.024536
0.023738
0.020314
0.020175
0.021682
0.022129
0.022187
0.021917
0.02117
0.018561
0.017685
0.016928
0.015831
0.015786
0.01865
0.021727
0.022522
0.022683
0.022208
0.021838
0.021137
0.020847
0.020138
0.019161
0.017872
0.0099828
0.012149
0.015209
0.019393
0.021064
0.022465
0.023175
0.02372
0.024293
0.024131
0.02484
0.025032
0.025027
0.014785
0.010274
0.013131
0.020846
0.022987
0.023001
0.022328
0.019608
0.0045957
0.0015239
0.00096009
0.004337
0.017058
0.018252
0.021165
0.022466
0.023951
0.025249
0.025632
0.025317
0.025486
0.025149
0.024821
0.024256
0.02359
0.019579
0.021351
0.021496
0.0216
0.021364
0.020792
0.018209
0.0177
0.018068
0.018307
0.018711
0.020508
0.021966
0.022774
0.022549
0.021756
0.021364
0.021021
0.020038
0.018281
0.016987
0.016633
0.0091154
0.010725
0.013306
0.016751
0.019823
0.020752
0.022475
0.022979
0.023233
0.023624
0.023748
0.025029
0.024017
0.012763
0.0085343
0.015021
0.022837
0.024013
0.02388
0.023567
0.021238
0.0090248
0.0037914
0.003594
0.0094551
0.018226
0.020004
0.02143
0.022532
0.023954
0.02523
0.025758
0.026053
0.025558
0.025542
0.025042
0.024935
0.024479
0.023351
0.018646
0.021125
0.020357
0.02045
0.019849
0.018817
0.018917
0.019583
0.019489
0.019813
0.021667
0.022418
0.021986
0.021597
0.020881
0.020275
0.01973
0.018306
0.017297
0.015875
0.016225
0.0055922
0.010071
0.012089
0.015389
0.017753
0.020484
0.021781
0.022522
0.022237
0.022739
0.022932
0.023749
0.023491
0.015007
0.0097953
0.016522
0.024581
0.024472
0.023893
0.024242
0.022292
0.011917
0.0073577
0.010987
0.014531
0.019987
0.02122
0.022294
0.023117
0.024552
0.025494
0.026091
0.026848
0.026857
0.026378
0.025842
0.025986
0.025441
0.024424
0.022705
0.018293
0.019562
0.018906
0.01921
0.019427
0.020133
0.020152
0.02107
0.021303
0.02216
0.022278
0.021831
0.020887
0.019851
0.018632
0.017926
0.016231
0.015477
0.015317
0.016245
0.0025493
0.0067556
0.0091321
0.013005
0.016265
0.019469
0.020939
0.021366
0.021493
0.022233
0.022383
0.022944
0.022972
0.01837
0.0099318
0.015238
0.024071
0.024308
0.024375
0.024293
0.022459
0.015548
0.0053154
0.0083885
0.01552
0.019922
0.021551
0.022711
0.024013
0.024558
0.026192
0.027164
0.028182
0.028267
0.027083
0.026512
0.026987
0.025581
0.024137
0.023239
0.021335
0.019172
0.019198
0.019115
0.020102
0.021412
0.022168
0.022786
0.022506
0.02212
0.021626
0.020477
0.019456
0.018746
0.017666
0.016401
0.015587
0.015072
0.015265
0.015964
0.0010618
0.0028508
0.0061008
0.010172
0.012968
0.015929
0.018889
0.020532
0.021115
0.021488
0.021619
0.022224
0.022701
0.021251
0.010925
0.013725
0.023851
0.023994
0.02386
0.024086
0.022987
0.018269
0.0093353
0.003409
0.011696
0.018688
0.021398
0.023224
0.024498
0.025307
0.027033
0.027999
0.028249
0.028436
0.027919
0.02729
0.026669
0.025815
0.024338
0.022928
0.021478
0.019946
0.020336
0.020804
0.021306
0.022422
0.022911
0.022673
0.021944
0.021266
0.020496
0.019669
0.0189
0.018282
0.016445
0.014861
0.014167
0.013844
0.015265
0.01572
0.00047711
0.001148
0.0032574
0.0071825
0.010455
0.011904
0.016366
0.018006
0.019847
0.020657
0.020925
0.021369
0.021909
0.020035
0.012039
0.01183
0.021603
0.023479
0.023531
0.023789
0.022022
0.019252
0.013316
0.0064804
0.01334
0.018124
0.021549
0.023913
0.024802
0.025876
0.026724
0.027454
0.027605
0.028079
0.027518
0.026533
0.025926
0.025779
0.024636
0.023083
0.022028
0.020523
0.019606
0.02102
0.021626
0.021913
0.021771
0.021017
0.020993
0.020589
0.019427
0.01911
0.018416
0.016361
0.014247
0.013443
0.012973
0.011416
0.01309
0.013874
0.00038193
0.00050923
0.001121
0.00333
0.0062819
0.011195
0.013345
0.016293
0.017532
0.018899
0.019442
0.020443
0.021181
0.020183
0.015856
0.011332
0.015286
0.021967
0.022251
0.0231
0.022191
0.020162
0.016379
0.012603
0.014245
0.019397
0.021661
0.023851
0.024973
0.025799
0.026486
0.026956
0.027564
0.027748
0.027151
0.026454
0.02593
0.025018
0.023391
0.022771
0.021247
0.020469
0.019919
0.020634
0.021925
0.021209
0.020993
0.020497
0.020399
0.019446
0.019063
0.018346
0.017141
0.015175
0.013273
0.01196
0.012895
0.011538
0.010935
0.011055
0.00031683
0.00042439
0.00044688
0.00072424
0.0015306
0.003288
0.0087509
0.013231
0.014766
0.01635
0.018156
0.018387
0.019634
0.019747
0.019449
0.013569
0.011051
0.016706
0.020821
0.021572
0.021614
0.020807
0.019427
0.017406
0.017959
0.02061
0.022203
0.02328
0.0246
0.025501
0.026221
0.026647
0.026971
0.026922
0.026467
0.025826
0.025079
0.023991
0.022997
0.021665
0.020518
0.01964
0.019883
0.020646
0.021121
0.020938
0.020513
0.019947
0.019446
0.019182
0.017829
0.017444
0.015704
0.015033
0.013475
0.011453
0.013041
0.013171
0.012709
0.012604
0.00028354
0.00031181
0.00044366
0.00055169
0.00056915
0.00066781
0.0010267
0.0026692
0.0060157
0.0095095
0.013383
0.016286
0.017595
0.017671
0.017865
0.01757
0.014292
0.013165
0.016852
0.019288
0.020802
0.020899
0.020753
0.019883
0.020561
0.021895
0.022621
0.022796
0.023604
0.024294
0.025124
0.025402
0.025586
0.025533
0.025258
0.024564
0.024131
0.023347
0.022337
0.021187
0.020276
0.0193
0.019264
0.019886
0.020317
0.019921
0.019723
0.019812
0.019533
0.018277
0.01699
0.016757
0.015035
0.013722
0.01334
0.01388
0.012307
0.012669
0.012597
0.012322
0.00040028
0.00028491
0.00040677
0.00043404
0.00054601
0.00046935
0.00048111
0.00053617
0.00088699
0.0014028
0.0032496
0.0064817
0.012616
0.015906
0.017354
0.01776
0.016691
0.014962
0.015854
0.017453
0.019635
0.019953
0.02052
0.020106
0.020914
0.021223
0.021343
0.022105
0.022855
0.023642
0.023905
0.024078
0.024099
0.023894
0.023921
0.023653
0.022879
0.022651
0.021547
0.020795
0.019561
0.019198
0.019393
0.019622
0.019452
0.019384
0.019607
0.019404
0.01831
0.01688
0.016013
0.014453
0.01352
0.014016
0.014036
0.014709
0.014591
0.014764
0.014108
0.013715
0.00039433
0.0003973
0.00040677
0.00040895
0.00043324
0.00050857
0.00038174
0.00042737
0.00056328
0.00076677
0.0010751
0.0012636
0.0026825
0.0066826
0.0096052
0.013659
0.016666
0.016906
0.017195
0.017623
0.018743
0.019519
0.019926
0.020299
0.020291
0.020009
0.020235
0.020774
0.021587
0.022593
0.022743
0.02275
0.022897
0.022766
0.022493
0.022368
0.021757
0.021411
0.020836
0.020151
0.019284
0.019257
0.019148
0.019434
0.01944
0.019769
0.019811
0.017673
0.016675
0.016018
0.015109
0.014007
0.01472
0.013973
0.013509
0.013778
0.013445
0.014432
0.015399
0.014562
0.00046015
0.00049845
0.00053166
0.00056659
0.00051108
0.00042439
0.00039677
0.00043324
0.00044774
0.00048139
0.00051634
0.00076563
0.0010751
0.0007971
0.0010819
0.0027005
0.0050724
0.0097192
0.01365
0.014882
0.015825
0.017656
0.018173
0.018496
0.018981
0.019121
0.019287
0.019485
0.020534
0.021193
0.021382
0.021044
0.021465
0.021458
0.021255
0.020833
0.020517
0.020368
0.019952
0.018979
0.018587
0.018757
0.019455
0.019192
0.018928
0.019132
0.017885
0.016103
0.015246
0.014336
0.014781
0.014024
0.014393
0.014473
0.014759
0.014645
0.014471
0.014138
0.014828
0.014997
0.00057445
0.00058394
0.00059398
0.00046812
0.00047005
0.00058455
0.00043699
0.00043981
0.00039677
0.00042096
0.00043351
0.00042713
0.00043981
0.00055491
0.00050388
0.00040172
0.00044688
0.00059398
0.0022983
0.0064563
0.010798
0.012941
0.013895
0.015764
0.017148
0.017734
0.01759
0.018154
0.018172
0.018767
0.018974
0.019091
0.018752
0.018283
0.01912
0.018769
0.017866
0.016928
0.017183
0.017191
0.017614
0.017936
0.01776
0.017319
0.016396
0.015159
0.014861
0.014628
0.014605
0.015017
0.014839
0.014807
0.01451
0.014594
0.014074
0.013902
0.013898
0.01383
0.014877
0.014886
0.0007008
0.00068739
0.00063147
0.00056691
0.00043431
0.00045122
0.00046234
0.00042518
0.00039677
0.00043133
0.00038995
0.00041439
0.00037334
0.00028293
0.00031757
0.00037384
0.00039539
0.00041221
0.00042439
0.00049845
0.0007438
0.0017833
0.0034934
0.0045779
0.0068937
0.0081675
0.010224
0.011351
0.011841
0.012981
0.013735
0.01394
0.014394
0.014252
0.013973
0.014027
0.014663
0.014615
0.015208
0.015405
0.016122
0.015686
0.015663
0.015447
0.014861
0.015062
0.015169
0.015298
0.014855
0.014898
0.015133
0.014957
0.014997
0.015112
0.014807
0.014216
0.013996
0.013959
0.014808
0.014841
0.00058469
0.00057304
0.00057871
0.00049402
0.00047323
0.00043351
0.00043404
0.00040043
0.00041221
0.00041221
0.00038825
0.00038048
0.00038193
0.00037334
0.00035683
0.00027663
0.00033295
0.00038193
0.00042439
0.00045667
0.00051108
0.00079354
0.0010689
0.002003
0.002482
0.0039922
0.0058798
0.0070087
0.007417
0.0082647
0.0090111
0.0098445
0.011703
0.012019
0.01201
0.013432
0.013682
0.014566
0.016003
0.015852
0.015525
0.015785
0.015812
0.015891
0.015633
0.015285
0.015514
0.015909
0.015896
0.015834
0.015946
0.015591
0.01531
0.01531
0.015368
0.015151
0.014683
0.014335
0.014605
0.015089
0.0010452
0.00084898
0.00067815
0.00057871
0.00057765
0.0005611
0.00050857
0.00045683
0.00041221
0.00042481
0.00042439
0.00041439
0.00039677
0.00040689
0.00041221
0.00033841
0.00038281
0.00038193
0.00042737
0.00048624
0.00046042
0.00044366
0.00068184
0.0010014
0.0012853
0.0020827
0.0021064
0.0025373
0.0032975
0.0047684
0.0073674
0.010112
0.010754
0.0098946
0.011683
0.013242
0.014687
0.016261
0.016405
0.01637
0.016144
0.01637
0.01636
0.01611
0.016386
0.015962
0.015904
0.01607
0.016475
0.016684
0.01635
0.016394
0.016032
0.015602
0.015653
0.015605
0.015015
0.015021
0.014957
0.015068
0.0013012
0.0013765
0.00097847
0.00089474
0.00069675
0.00043778
0.00036468
0.00041439
0.00046984
0.00045309
0.00045694
0.00044366
0.00044747
0.00031442
0.00037479
0.00043404
0.00044747
0.00043404
0.00048624
0.00044366
0.00054236
0.00057461
0.00075776
0.00082631
0.0008816
0.0011965
0.0020521
0.005927
0.0096619
0.011769
0.012909
0.013846
0.01421
0.014546
0.015402
0.015468
0.016658
0.01701
0.016443
0.016103
0.016537
0.016073
0.016191
0.016881
0.016644
0.016363
0.016566
0.016548
0.016695
0.016861
0.016884
0.016664
0.016568
0.016525
0.016004
0.015543
0.015267
0.0154
0.015168
0.014962
0.0082995
0.0050266
0.0024261
0.001336
0.00080933
0.00075842
0.0007213
0.00052627
0.00051296
0.00044774
0.00052903
0.00050133
0.0005119
0.00054236
0.00057752
0.00054236
0.00056691
0.00058641
0.00050423
0.00062623
0.00064559
0.00070517
0.00071538
0.00086215
0.0020499
0.0039492
0.0078857
0.01121
0.014878
0.014701
0.015219
0.015003
0.014817
0.015079
0.016636
0.017776
0.017832
0.016366
0.016294
0.016534
0.015583
0.015968
0.016599
0.016688
0.016419
0.016486
0.016782
0.01691
0.016916
0.016867
0.016936
0.016715
0.016489
0.016872
0.016315
0.015909
0.015664
0.015608
0.015448
0.0153
0.014893
0.014775
0.012604
0.0074578
0.0061009
0.0036888
0.0023326
0.0014038
0.0014126
0.0017381
0.0010128
0.00077371
0.00071555
0.00070443
0.00070731
0.00058917
0.00064223
0.0006344
0.00064223
0.00086266
0.0024087
0.004777
0.0027806
0.0034945
0.0063115
0.010425
0.01349
0.014294
0.014692
0.014938
0.014625
0.015143
0.015826
0.016994
0.015851
0.016147
0.016156
0.016236
0.0159
0.015338
0.015217
0.016994
0.0175
0.017178
0.017346
0.017304
0.017363
0.017072
0.016865
0.017189
0.017291
0.017014
0.016839
0.016817
0.016589
0.016198
0.016182
0.015661
0.015459
0.015399
